0.4130,1.0610,0.0000,0.0000,0.0000,0.6680,0.7442,
0.4137,1.0677,0.0000,0.0000,0.0000,0.6680,0.7442,
0.4144,1.0744,0.0000,0.0000,0.0000,0.6680,0.7442,
0.4152,1.0811,0.0000,0.0000,0.0000,0.6680,0.7442,
0.4159,1.0878,0.0000,0.0000,0.0000,0.6680,0.7442,
0.4166,1.0945,0.0000,0.0000,0.0000,0.6680,0.7442,
0.4173,1.1012,0.0000,0.0000,0.0000,0.6680,0.7442,
0.4181,1.1079,0.0000,0.0000,0.0000,0.6680,0.7442,
0.4188,1.1146,0.0000,0.0000,0.0000,0.6680,0.7442,
0.4195,1.1213,0.0000,0.0000,0.0000,0.6680,0.7442,
0.4203,1.1280,0.0000,0.0000,0.0000,0.6680,0.7442,
0.4210,1.1348,0.0000,0.0000,0.0000,0.6680,0.7442,
0.4217,1.1415,0.0000,0.0000,0.0000,0.6680,0.7442,
0.4224,1.1482,0.0000,0.0000,0.0000,0.6680,0.7442,
0.4232,1.1549,0.0000,0.0000,0.0000,0.6680,0.7442,
0.4239,1.1616,0.0000,0.0000,0.0000,0.6680,0.7442,
0.4246,1.1683,0.0000,0.0000,0.0000,0.6680,0.7442,
0.4253,1.1750,0.0000,0.0000,0.0000,0.6680,0.7442,
0.4261,1.1817,0.0000,0.0000,0.0000,0.6680,0.7442,
0.4268,1.1884,0.0000,0.0000,0.0000,0.6680,0.7442,
0.4275,1.1951,0.0000,0.0000,0.0000,0.6680,0.7442,
0.4282,1.2019,0.0000,0.0000,0.0000,0.6680,0.7442,
0.4290,1.2086,0.0000,0.0000,0.0000,0.6680,0.7442,
0.4297,1.2153,0.0000,0.0000,0.0000,0.6680,0.7442,
0.4304,1.2220,0.0000,0.0000,0.0000,0.6680,0.7442,
0.4311,1.2287,0.0000,0.0000,0.0000,0.6680,0.7442,
0.4319,1.2354,0.0000,0.0000,0.0000,0.6680,0.7442,
0.4326,1.2421,0.0000,0.0000,0.0000,0.6680,0.7442,
0.4341,1.2555,0.0000,0.0000,0.0000,0.5754,0.8178,
0.4363,1.2618,0.0000,0.0000,0.0000,0.5754,0.8178,
0.4386,1.2681,0.0000,0.0000,0.0000,0.5754,0.8178,
0.4408,1.2744,0.0000,0.0000,0.0000,0.5754,0.8178,
0.4431,1.2807,0.0000,0.0000,0.0000,0.5754,0.8178,
0.4454,1.2870,0.0000,0.0000,0.0000,0.5754,0.8178,
0.4476,1.2933,0.0000,0.0000,0.0000,0.5754,0.8178,
0.4499,1.2996,0.0000,0.0000,0.0000,0.5754,0.8178,
0.4544,1.3122,0.0000,0.0000,0.0000,0.3634,0.9316,
0.4595,1.3169,0.0000,0.0000,0.0000,0.3634,0.9316,
0.4647,1.3217,0.0000,0.0000,0.0000,0.3634,0.9316,
0.4698,1.3264,0.0000,0.0000,0.0000,0.3634,0.9316,
0.4749,1.3311,0.0000,0.0000,0.0000,0.3634,0.9316,
0.4801,1.3358,0.0000,0.0000,0.0000,0.3634,0.9316,
0.4852,1.3406,0.0000,0.0000,0.0000,0.3634,0.9316,
0.4903,1.3453,0.0000,0.0000,0.0000,0.3634,0.9316,
0.4955,1.3500,0.0000,0.0000,0.0000,0.3634,0.9316,
0.5006,1.3547,0.0000,0.0000,0.0000,0.3634,0.9316,
0.5057,1.3594,0.0000,0.0000,0.0000,0.3634,0.9316,
0.5160,1.3689,0.0000,0.0000,0.0000,0.2301,0.9732,
0.5222,1.3720,0.0000,0.0000,0.0000,0.2301,0.9732,
0.5285,1.3752,0.0000,0.0000,0.0000,0.2301,0.9732,
0.5347,1.3783,0.0000,0.0000,0.0000,0.2301,0.9732,
0.5410,1.3814,0.0000,0.0000,0.0000,0.2301,0.9732,
0.5473,1.3846,0.0000,0.0000,0.0000,0.2301,0.9732,
0.5535,1.3877,0.0000,0.0000,0.0000,0.2301,0.9732,
0.5598,1.3908,0.0000,0.0000,0.0000,0.2301,0.9732,
0.5660,1.3940,0.0000,0.0000,0.0000,0.2301,0.9732,
0.5723,1.3971,0.0000,0.0000,0.0000,0.2301,0.9732,
0.5785,1.4002,0.0000,0.0000,0.0000,0.2301,0.9732,
0.5848,1.4034,0.0000,0.0000,0.0000,0.2301,0.9732,
0.5973,1.4096,0.0000,0.0000,0.0000,0.1123,0.9937,
0.6040,1.4112,0.0000,0.0000,0.0000,0.1123,0.9937,
0.6106,1.4127,0.0000,0.0000,0.0000,0.1123,0.9937,
0.6173,1.4142,0.0000,0.0000,0.0000,0.1123,0.9937,
0.6240,1.4157,0.0000,0.0000,0.0000,0.1123,0.9937,
0.6307,1.4173,0.0000,0.0000,0.0000,0.1123,0.9937,
0.6374,1.4188,0.0000,0.0000,0.0000,0.1123,0.9937,
0.6440,1.4203,0.0000,0.0000,0.0000,0.1123,0.9937,
0.6507,1.4219,0.0000,0.0000,0.0000,0.1123,0.9937,
0.6574,1.4234,0.0000,0.0000,0.0000,0.1123,0.9937,
0.6641,1.4249,0.0000,0.0000,0.0000,0.1123,0.9937,
0.6708,1.4264,0.0000,0.0000,0.0000,0.1123,0.9937,
0.6774,1.4280,0.0000,0.0000,0.0000,0.1123,0.9937,
0.6841,1.4295,0.0000,0.0000,0.0000,0.1123,0.9937,
0.6908,1.4310,0.0000,0.0000,0.0000,0.1123,0.9937,
0.6975,1.4326,0.0000,0.0000,0.0000,0.1123,0.9937,
0.7108,1.4356,0.0000,0.0000,0.0000,0.0107,0.9999,
0.7175,1.4358,0.0000,0.0000,0.0000,0.0107,0.9999,
0.7242,1.4359,0.0000,0.0000,0.0000,0.0107,0.9999,
0.7309,1.4360,0.0000,0.0000,0.0000,0.0107,0.9999,
0.7375,1.4362,0.0000,0.0000,0.0000,0.0107,0.9999,
0.7442,1.4363,0.0000,0.0000,0.0000,0.0107,0.9999,
0.7509,1.4365,0.0000,0.0000,0.0000,0.0107,0.9999,
0.7576,1.4366,0.0000,0.0000,0.0000,0.0107,0.9999,
0.7642,1.4368,0.0000,0.0000,0.0000,0.0107,0.9999,
0.7709,1.4369,0.0000,0.0000,0.0000,0.0107,0.9999,
0.7776,1.4370,0.0000,0.0000,0.0000,0.0107,0.9999,
0.7843,1.4372,0.0000,0.0000,0.0000,0.0107,0.9999,
0.7910,1.4373,0.0000,0.0000,0.0000,0.0107,0.9999,
0.7976,1.4375,0.0000,0.0000,0.0000,0.0107,0.9999,
0.8043,1.4376,0.0000,0.0000,0.0000,0.0107,0.9999,
0.8110,1.4378,0.0000,0.0000,0.0000,0.0107,0.9999,
0.8177,1.4379,0.0000,0.0000,0.0000,0.0107,0.9999,
0.8243,1.4380,0.0000,0.0000,0.0000,0.0107,0.9999,
0.8310,1.4382,0.0000,0.0000,0.0000,0.0107,0.9999,
0.8377,1.4383,0.0000,0.0000,0.0000,0.0107,0.9999,
0.8444,1.4385,0.0000,0.0000,0.0000,0.0107,0.9999,
0.8510,1.4386,0.0000,0.0000,0.0000,0.0107,0.9999,
0.8577,1.4388,0.0000,0.0000,0.0000,0.0107,0.9999,
0.8644,1.4389,0.0000,0.0000,0.0000,0.0107,0.9999,
0.8711,1.4390,0.0000,0.0000,0.0000,0.0107,0.9999,
0.8778,1.4392,0.0000,0.0000,0.0000,0.0107,0.9999,
0.8844,1.4393,0.0000,0.0000,0.0000,0.0107,0.9999,
0.8911,1.4395,0.0000,0.0000,0.0000,0.0107,0.9999,
0.8978,1.4396,0.0000,0.0000,0.0000,0.0107,0.9999,
0.9045,1.4398,0.0000,0.0000,0.0000,0.0107,0.9999,
0.9111,1.4399,0.0000,0.0000,0.0000,0.0107,0.9999,
0.9178,1.4400,0.0000,0.0000,0.0000,0.0107,0.9999,
0.9245,1.4402,0.0000,0.0000,0.0000,0.0107,0.9999,
0.9312,1.4403,0.0000,0.0000,0.0000,0.0107,0.9999,
0.9445,1.4406,0.0000,0.0000,0.0000,0.0017,1.0000,
0.9512,1.4406,0.0000,0.0000,0.0000,0.0017,1.0000,
0.9579,1.4407,0.0000,0.0000,0.0000,0.0017,1.0000,
0.9646,1.4407,0.0000,0.0000,0.0000,0.0017,1.0000,
0.9712,1.4407,0.0000,0.0000,0.0000,0.0017,1.0000,
0.9779,1.4407,0.0000,0.0000,0.0000,0.0017,1.0000,
0.9846,1.4408,0.0000,0.0000,0.0000,0.0017,1.0000,
0.9913,1.4408,0.0000,0.0000,0.0000,0.0017,1.0000,
0.9979,1.4408,0.0000,0.0000,0.0000,0.0017,1.0000,
1.0046,1.4408,0.0000,0.0000,0.0000,0.0017,1.0000,
1.0113,1.4408,0.0000,0.0000,0.0000,0.0017,1.0000,
1.0180,1.4409,0.0000,0.0000,0.0000,0.0017,1.0000,
1.0246,1.4409,0.0000,0.0000,0.0000,0.0017,1.0000,
1.0313,1.4409,0.0000,0.0000,0.0000,0.0017,1.0000,
1.0380,1.4409,0.0000,0.0000,0.0000,0.0017,1.0000,
1.0447,1.4410,0.0000,0.0000,0.0000,0.0017,1.0000,
1.0514,1.4410,0.0000,0.0000,0.0000,0.0017,1.0000,
1.0580,1.4410,0.0000,0.0000,0.0000,0.0017,1.0000,
1.0647,1.4410,0.0000,0.0000,0.0000,0.0017,1.0000,
1.0714,1.4411,0.0000,0.0000,0.0000,0.0017,1.0000,
1.0781,1.4411,0.0000,0.0000,0.0000,0.0017,1.0000,
1.0847,1.4411,0.0000,0.0000,0.0000,0.0017,1.0000,
1.0914,1.4411,0.0000,0.0000,0.0000,0.0017,1.0000,
1.0981,1.4411,0.0000,0.0000,0.0000,0.0017,1.0000,
1.1048,1.4412,0.0000,0.0000,0.0000,0.0017,1.0000,
1.1114,1.4412,0.0000,0.0000,0.0000,0.0017,1.0000,
1.1181,1.4412,0.0000,0.0000,0.0000,0.0017,1.0000,
1.1248,1.4412,0.0000,0.0000,0.0000,0.0017,1.0000,
1.1315,1.4413,0.0000,0.0000,0.0000,0.0017,1.0000,
1.1381,1.4413,0.0000,0.0000,0.0000,0.0017,1.0000,
1.1448,1.4413,0.0000,0.0000,0.0000,0.0017,1.0000,
1.1515,1.4413,0.0000,0.0000,0.0000,0.0017,1.0000,
1.1582,1.4413,0.0000,0.0000,0.0000,0.0017,1.0000,
1.1649,1.4414,0.0000,0.0000,0.0000,0.0017,1.0000,
1.1715,1.4414,0.0000,0.0000,0.0000,0.0017,1.0000,
1.1782,1.4414,0.0000,0.0000,0.0000,0.0017,1.0000,
1.1849,1.4414,0.0000,0.0000,0.0000,0.0017,1.0000,
1.1916,1.4415,0.0000,0.0000,0.0000,0.0017,1.0000,
1.1982,1.4415,0.0000,0.0000,0.0000,0.0017,1.0000,
1.2049,1.4415,0.0000,0.0000,0.0000,0.0017,1.0000,
1.2116,1.4415,0.0000,0.0000,0.0000,0.0017,1.0000,
1.2183,1.4416,0.0000,0.0000,0.0000,0.0017,1.0000,
1.2249,1.4416,0.0000,0.0000,0.0000,0.0017,1.0000,
1.2316,1.4416,0.0000,0.0000,0.0000,0.0017,1.0000,
1.2383,1.4416,0.0000,0.0000,0.0000,0.0017,1.0000,
1.2450,1.4416,0.0000,0.0000,0.0000,0.0017,1.0000,
1.2517,1.4417,0.0000,0.0000,0.0000,0.0017,1.0000,
1.2583,1.4417,0.0000,0.0000,0.0000,0.0017,1.0000,
1.2650,1.4417,0.0000,0.0000,0.0000,0.0017,1.0000,
1.2717,1.4417,0.0000,0.0000,0.0000,0.0017,1.0000,
1.2784,1.4418,0.0000,0.0000,0.0000,0.0017,1.0000,
1.2850,1.4418,0.0000,0.0000,0.0000,0.0017,1.0000,
1.2917,1.4418,0.0000,0.0000,0.0000,0.0017,1.0000,
1.2984,1.4418,0.0000,0.0000,0.0000,0.0017,1.0000,
1.3051,1.4418,0.0000,0.0000,0.0000,0.0017,1.0000,
1.3117,1.4419,0.0000,0.0000,0.0000,0.0017,1.0000,
1.3184,1.4419,0.0000,0.0000,0.0000,0.0017,1.0000,
1.3251,1.4419,0.0000,0.0000,0.0000,0.0017,1.0000,
1.3318,1.4419,0.0000,0.0000,0.0000,0.0017,1.0000,
1.3384,1.4420,0.0000,0.0000,0.0000,0.0017,1.0000,
1.3451,1.4420,0.0000,0.0000,0.0000,0.0017,1.0000,
1.3518,1.4420,0.0000,0.0000,0.0000,0.0017,1.0000,
1.3585,1.4420,0.0000,0.0000,0.0000,0.0017,1.0000,
1.3652,1.4420,0.0000,0.0000,0.0000,0.0017,1.0000,
1.3718,1.4421,0.0000,0.0000,0.0000,0.0017,1.0000,
1.3785,1.4421,0.0000,0.0000,0.0000,0.0017,1.0000,
1.3852,1.4421,0.0000,0.0000,0.0000,0.0017,1.0000,
1.3919,1.4421,0.0000,0.0000,0.0000,0.0017,1.0000,
1.3985,1.4422,0.0000,0.0000,0.0000,0.0017,1.0000,
1.4052,1.4422,0.0000,0.0000,0.0000,0.0017,1.0000,
1.4119,1.4422,0.0000,0.0000,0.0000,0.0017,1.0000,
1.4186,1.4422,0.0000,0.0000,0.0000,0.0017,1.0000,
1.4252,1.4423,0.0000,0.0000,0.0000,0.0017,1.0000,
1.4319,1.4423,0.0000,0.0000,0.0000,0.0017,1.0000,
1.4386,1.4423,0.0000,0.0000,0.0000,0.0017,1.0000,
1.4453,1.4423,0.0000,0.0000,0.0000,0.0017,1.0000,
1.4519,1.4423,0.0000,0.0000,0.0000,0.0017,1.0000,
1.4586,1.4424,0.0000,0.0000,0.0000,0.0017,1.0000,
1.4653,1.4424,0.0000,0.0000,0.0000,0.0017,1.0000,
1.4720,1.4424,0.0000,0.0000,0.0000,0.0017,1.0000,
1.4787,1.4424,0.0000,0.0000,0.0000,0.0017,1.0000,
1.4853,1.4425,0.0000,0.0000,0.0000,0.0017,1.0000,
1.4920,1.4425,0.0000,0.0000,0.0000,0.0017,1.0000,
1.4987,1.4425,0.0000,0.0000,0.0000,0.0017,1.0000,
1.5054,1.4425,0.0000,0.0000,0.0000,0.0017,1.0000,
1.5120,1.4425,0.0000,0.0000,0.0000,0.0017,1.0000,
1.5187,1.4426,0.0000,0.0000,0.0000,0.0017,1.0000,
1.5254,1.4426,0.0000,0.0000,0.0000,0.0017,1.0000,
1.5321,1.4426,0.0000,0.0000,0.0000,0.0017,1.0000,
1.5387,1.4426,0.0000,0.0000,0.0000,0.0017,1.0000,
1.5454,1.4427,0.0000,0.0000,0.0000,0.0017,1.0000,
1.5521,1.4427,0.0000,0.0000,0.0000,0.0017,1.0000,
1.5588,1.4427,0.0000,0.0000,0.0000,0.0017,1.0000,
1.5655,1.4427,0.0000,0.0000,0.0000,0.0017,1.0000,
1.5721,1.4428,0.0000,0.0000,0.0000,0.0017,1.0000,
1.5788,1.4428,0.0000,0.0000,0.0000,0.0017,1.0000,
1.5855,1.4428,0.0000,0.0000,0.0000,0.0017,1.0000,
1.5922,1.4428,0.0000,0.0000,0.0000,0.0017,1.0000,
1.5988,1.4428,0.0000,0.0000,0.0000,0.0017,1.0000,
1.6055,1.4429,0.0000,0.0000,0.0000,0.0017,1.0000,
1.6122,1.4429,0.0000,0.0000,0.0000,0.0017,1.0000,
1.6189,1.4429,0.0000,0.0000,0.0000,0.0017,1.0000,
1.6255,1.4429,0.0000,0.0000,0.0000,0.0017,1.0000,
1.6322,1.4430,0.0000,0.0000,0.0000,0.0017,1.0000,
1.6389,1.4430,0.0000,0.0000,0.0000,0.0017,1.0000,
1.6456,1.4430,0.0000,0.0000,0.0000,0.0017,1.0000,
1.6522,1.4430,0.0000,0.0000,0.0000,0.0017,1.0000,
1.6589,1.4430,0.0000,0.0000,0.0000,0.0017,1.0000,
1.6656,1.4431,0.0000,0.0000,0.0000,0.0017,1.0000,
1.6723,1.4431,0.0000,0.0000,0.0000,0.0017,1.0000,
1.6790,1.4431,0.0000,0.0000,0.0000,0.0017,1.0000,
1.6856,1.4431,0.0000,0.0000,0.0000,0.0017,1.0000,
1.6923,1.4432,0.0000,0.0000,0.0000,0.0017,1.0000,
1.6990,1.4432,0.0000,0.0000,0.0000,0.0017,1.0000,
1.7057,1.4432,0.0000,0.0000,0.0000,0.0017,1.0000,
1.7123,1.4432,0.0000,0.0000,0.0000,0.0017,1.0000,
1.7190,1.4433,0.0000,0.0000,0.0000,0.0017,1.0000,
1.7257,1.4433,0.0000,0.0000,0.0000,0.0017,1.0000,
1.7324,1.4433,0.0000,0.0000,0.0000,0.0017,1.0000,
1.7390,1.4433,0.0000,0.0000,0.0000,0.0017,1.0000,
1.7457,1.4433,0.0000,0.0000,0.0000,0.0017,1.0000,
1.7524,1.4434,0.0000,0.0000,0.0000,0.0017,1.0000,
1.7591,1.4434,0.0000,0.0000,0.0000,0.0017,1.0000,
1.7657,1.4434,0.0000,0.0000,0.0000,0.0017,1.0000,
1.7724,1.4434,0.0000,0.0000,0.0000,0.0017,1.0000,
1.7791,1.4435,0.0000,0.0000,0.0000,0.0017,1.0000,
1.7858,1.4435,0.0000,0.0000,0.0000,0.0017,1.0000,
1.7925,1.4435,0.0000,0.0000,0.0000,0.0017,1.0000,
1.7991,1.4435,0.0000,0.0000,0.0000,0.0017,1.0000,
1.8058,1.4435,0.0000,0.0000,0.0000,0.0017,1.0000,
1.8125,1.4436,0.0000,0.0000,0.0000,0.0017,1.0000,
1.8192,1.4436,0.0000,0.0000,0.0000,0.0017,1.0000,
1.8258,1.4436,0.0000,0.0000,0.0000,0.0017,1.0000,
1.8325,1.4436,0.0000,0.0000,0.0000,0.0017,1.0000,
1.8392,1.4437,0.0000,0.0000,0.0000,0.0017,1.0000,
1.8459,1.4437,0.0000,0.0000,0.0000,0.0017,1.0000,
1.8525,1.4437,0.0000,0.0000,0.0000,0.0017,1.0000,
1.8592,1.4437,0.0000,0.0000,0.0000,0.0017,1.0000,
1.8659,1.4437,0.0000,0.0000,0.0000,0.0017,1.0000,
1.8726,1.4438,0.0000,0.0000,0.0000,0.0017,1.0000,
1.8793,1.4438,0.0000,0.0000,0.0000,0.0017,1.0000,
1.8859,1.4438,0.0000,0.0000,0.0000,0.0017,1.0000,
1.8926,1.4438,0.0000,0.0000,0.0000,0.0017,1.0000,
1.8993,1.4439,0.0000,0.0000,0.0000,0.0017,1.0000,
1.9060,1.4439,0.0000,0.0000,0.0000,0.0017,1.0000,
1.9126,1.4439,0.0000,0.0000,0.0000,0.0017,1.0000,
1.9193,1.4439,0.0000,0.0000,0.0000,0.0017,1.0000,
1.9260,1.4440,0.0000,0.0000,0.0000,0.0017,1.0000,
1.9327,1.4440,0.0000,0.0000,0.0000,0.0017,1.0000,
1.9393,1.4440,0.0000,0.0000,0.0000,0.0017,1.0000,
1.9460,1.4440,0.0000,0.0000,0.0000,0.0017,1.0000,
1.9527,1.4440,0.0000,0.0000,0.0000,0.0017,1.0000,
1.9594,1.4441,0.0000,0.0000,0.0000,0.0017,1.0000,
1.9660,1.4441,0.0000,0.0000,0.0000,0.0017,1.0000,
1.9727,1.4441,0.0000,0.0000,0.0000,0.0017,1.0000,
1.9794,1.4441,0.0000,0.0000,0.0000,0.0017,1.0000,
1.9861,1.4442,0.0000,0.0000,0.0000,0.0017,1.0000,
1.9928,1.4442,0.0000,0.0000,0.0000,0.0017,1.0000,
1.9994,1.4442,0.0000,0.0000,0.0000,0.0017,1.0000,
2.0061,1.4442,0.0000,0.0000,0.0000,0.0017,1.0000,
2.0128,1.4442,0.0000,0.0000,0.0000,0.0017,1.0000,
2.0195,1.4443,0.0000,0.0000,0.0000,0.0017,1.0000,
2.0261,1.4443,0.0000,0.0000,0.0000,0.0017,1.0000,
2.0328,1.4443,0.0000,0.0000,0.0000,0.0017,1.0000,
2.0395,1.4443,0.0000,0.0000,0.0000,0.0017,1.0000,
2.0462,1.4444,0.0000,0.0000,0.0000,0.0017,1.0000,
2.0528,1.4444,0.0000,0.0000,0.0000,0.0017,1.0000,
2.0595,1.4444,0.0000,0.0000,0.0000,0.0017,1.0000,
2.0662,1.4444,0.0000,0.0000,0.0000,0.0017,1.0000,
2.0729,1.4445,0.0000,0.0000,0.0000,0.0017,1.0000,
2.0795,1.4445,0.0000,0.0000,0.0000,0.0017,1.0000,
2.0862,1.4445,0.0000,0.0000,0.0000,0.0017,1.0000,
2.0929,1.4445,0.0000,0.0000,0.0000,0.0017,1.0000,
2.0996,1.4445,0.0000,0.0000,0.0000,0.0017,1.0000,
2.1063,1.4446,0.0000,0.0000,0.0000,0.0017,1.0000,
2.1129,1.4446,0.0000,0.0000,0.0000,0.0017,1.0000,
2.1196,1.4446,0.0000,0.0000,0.0000,0.0017,1.0000,
2.1263,1.4446,0.0000,0.0000,0.0000,0.0017,1.0000,
2.1330,1.4447,0.0000,0.0000,0.0000,0.0017,1.0000,
2.1396,1.4447,0.0000,0.0000,0.0000,0.0017,1.0000,
2.1463,1.4447,0.0000,0.0000,0.0000,0.0017,1.0000,
2.1530,1.4447,0.0000,0.0000,0.0000,0.0017,1.0000,
2.1597,1.4447,0.0000,0.0000,0.0000,0.0017,1.0000,
2.1663,1.4448,0.0000,0.0000,0.0000,0.0017,1.0000,
2.1730,1.4448,0.0000,0.0000,0.0000,0.0017,1.0000,
2.1797,1.4448,0.0000,0.0000,0.0000,0.0017,1.0000,
2.1864,1.4448,0.0000,0.0000,0.0000,0.0017,1.0000,
2.1931,1.4449,0.0000,0.0000,0.0000,0.0017,1.0000,
2.1997,1.4449,0.0000,0.0000,0.0000,0.0017,1.0000,
2.2064,1.4449,0.0000,0.0000,0.0000,0.0017,1.0000,
2.2131,1.4449,0.0000,0.0000,0.0000,0.0017,1.0000,
2.2198,1.4450,0.0000,0.0000,0.0000,0.0017,1.0000,
2.2264,1.4450,0.0000,0.0000,0.0000,0.0017,1.0000,
2.2331,1.4450,0.0000,0.0000,0.0000,0.0017,1.0000,
