3.5152,1.4457,0.0000,0.0000,0.0000,-0.0016,1.0000,
3.5219,1.4457,0.0000,0.0000,0.0000,-0.0016,1.0000,
3.5286,1.4457,0.0000,0.0000,0.0000,-0.0016,1.0000,
3.5353,1.4456,0.0000,0.0000,0.0000,-0.0016,1.0000,
3.5419,1.4456,0.0000,0.0000,0.0000,-0.0016,1.0000,
3.5486,1.4456,0.0000,0.0000,0.0000,-0.0016,1.0000,
3.5553,1.4456,0.0000,0.0000,0.0000,-0.0016,1.0000,
3.5620,1.4456,0.0000,0.0000,0.0000,-0.0016,1.0000,
3.5687,1.4455,0.0000,0.0000,0.0000,-0.0016,1.0000,
3.5754,1.4455,0.0000,0.0000,0.0000,-0.0016,1.0000,
3.5820,1.4455,0.0000,0.0000,0.0000,-0.0016,1.0000,
3.5887,1.4455,0.0000,0.0000,0.0000,-0.0016,1.0000,
3.5954,1.4454,0.0000,0.0000,0.0000,-0.0016,1.0000,
3.6021,1.4454,0.0000,0.0000,0.0000,-0.0016,1.0000,
3.6088,1.4454,0.0000,0.0000,0.0000,-0.0016,1.0000,
3.6155,1.4454,0.0000,0.0000,0.0000,-0.0016,1.0000,
3.6221,1.4454,0.0000,0.0000,0.0000,-0.0016,1.0000,
3.6288,1.4453,0.0000,0.0000,0.0000,-0.0016,1.0000,
3.6355,1.4453,0.0000,0.0000,0.0000,-0.0016,1.0000,
3.6422,1.4453,0.0000,0.0000,0.0000,-0.0016,1.0000,
3.6489,1.4453,0.0000,0.0000,0.0000,-0.0016,1.0000,
3.6556,1.4452,0.0000,0.0000,0.0000,-0.0016,1.0000,
3.6622,1.4452,0.0000,0.0000,0.0000,-0.0016,1.0000,
3.6689,1.4452,0.0000,0.0000,0.0000,-0.0016,1.0000,
3.6756,1.4452,0.0000,0.0000,0.0000,-0.0016,1.0000,
3.6823,1.4452,0.0000,0.0000,0.0000,-0.0016,1.0000,
3.6890,1.4451,0.0000,0.0000,0.0000,-0.0016,1.0000,
3.6957,1.4451,0.0000,0.0000,0.0000,-0.0016,1.0000,
3.7023,1.4451,0.0000,0.0000,0.0000,-0.0016,1.0000,
3.7090,1.4451,0.0000,0.0000,0.0000,-0.0016,1.0000,
3.7157,1.4450,0.0000,0.0000,0.0000,-0.0016,1.0000,
3.7224,1.4450,0.0000,0.0000,0.0000,-0.0016,1.0000,
3.7291,1.4450,0.0000,0.0000,0.0000,-0.0016,1.0000,
3.7358,1.4450,0.0000,0.0000,0.0000,-0.0016,1.0000,
3.7424,1.4450,0.0000,0.0000,0.0000,-0.0016,1.0000,
3.7491,1.4449,0.0000,0.0000,0.0000,-0.0016,1.0000,
3.7558,1.4449,0.0000,0.0000,0.0000,-0.0016,1.0000,
3.7625,1.4449,0.0000,0.0000,0.0000,-0.0016,1.0000,
3.7692,1.4449,0.0000,0.0000,0.0000,-0.0016,1.0000,
3.7759,1.4449,0.0000,0.0000,0.0000,-0.0016,1.0000,
3.7825,1.4448,0.0000,0.0000,0.0000,-0.0016,1.0000,
3.7892,1.4448,0.0000,0.0000,0.0000,-0.0016,1.0000,
3.7959,1.4448,0.0000,0.0000,0.0000,-0.0016,1.0000,
3.8026,1.4448,0.0000,0.0000,0.0000,-0.0016,1.0000,
3.8093,1.4447,0.0000,0.0000,0.0000,-0.0016,1.0000,
3.8160,1.4447,0.0000,0.0000,0.0000,-0.0016,1.0000,
3.8226,1.4447,0.0000,0.0000,0.0000,-0.0016,1.0000,
3.8293,1.4447,0.0000,0.0000,0.0000,-0.0016,1.0000,
3.8360,1.4447,0.0000,0.0000,0.0000,-0.0016,1.0000,
3.8427,1.4446,0.0000,0.0000,0.0000,-0.0016,1.0000,
3.8494,1.4446,0.0000,0.0000,0.0000,-0.0016,1.0000,
3.8561,1.4446,0.0000,0.0000,0.0000,-0.0016,1.0000,
3.8627,1.4446,0.0000,0.0000,0.0000,-0.0016,1.0000,
3.8694,1.4445,0.0000,0.0000,0.0000,-0.0016,1.0000,
3.8761,1.4445,0.0000,0.0000,0.0000,-0.0016,1.0000,
3.8828,1.4445,0.0000,0.0000,0.0000,-0.0016,1.0000,
3.8895,1.4445,0.0000,0.0000,0.0000,-0.0016,1.0000,
3.8962,1.4445,0.0000,0.0000,0.0000,-0.0016,1.0000,
3.9028,1.4444,0.0000,0.0000,0.0000,-0.0016,1.0000,
3.9095,1.4444,0.0000,0.0000,0.0000,-0.0016,1.0000,
3.9162,1.4444,0.0000,0.0000,0.0000,-0.0016,1.0000,
3.9229,1.4444,0.0000,0.0000,0.0000,-0.0016,1.0000,
3.9296,1.4444,0.0000,0.0000,0.0000,-0.0016,1.0000,
3.9362,1.4443,0.0000,0.0000,0.0000,-0.0016,1.0000,
3.9429,1.4443,0.0000,0.0000,0.0000,-0.0016,1.0000,
3.9496,1.4443,0.0000,0.0000,0.0000,-0.0016,1.0000,
3.9563,1.4443,0.0000,0.0000,0.0000,-0.0016,1.0000,
3.9630,1.4442,0.0000,0.0000,0.0000,-0.0016,1.0000,
3.9697,1.4442,0.0000,0.0000,0.0000,-0.0016,1.0000,
3.9763,1.4442,0.0000,0.0000,0.0000,-0.0016,1.0000,
3.9830,1.4442,0.0000,0.0000,0.0000,-0.0016,1.0000,
3.9897,1.4442,0.0000,0.0000,0.0000,-0.0016,1.0000,
3.9964,1.4441,0.0000,0.0000,0.0000,-0.0016,1.0000,
4.0031,1.4441,0.0000,0.0000,0.0000,-0.0016,1.0000,
4.0098,1.4441,0.0000,0.0000,0.0000,-0.0016,1.0000,
4.0164,1.4441,0.0000,0.0000,0.0000,-0.0016,1.0000,
4.0231,1.4440,0.0000,0.0000,0.0000,-0.0016,1.0000,
4.0298,1.4440,0.0000,0.0000,0.0000,-0.0016,1.0000,
4.0365,1.4440,0.0000,0.0000,0.0000,-0.0016,1.0000,
4.0432,1.4440,0.0000,0.0000,0.0000,-0.0016,1.0000,
4.0499,1.4440,0.0000,0.0000,0.0000,-0.0016,1.0000,
4.0565,1.4439,0.0000,0.0000,0.0000,-0.0016,1.0000,
4.0632,1.4439,0.0000,0.0000,0.0000,-0.0016,1.0000,
4.0699,1.4439,0.0000,0.0000,0.0000,-0.0016,1.0000,
4.0766,1.4439,0.0000,0.0000,0.0000,-0.0016,1.0000,
4.0833,1.4438,0.0000,0.0000,0.0000,-0.0016,1.0000,
4.0900,1.4438,0.0000,0.0000,0.0000,-0.0016,1.0000,
4.0966,1.4438,0.0000,0.0000,0.0000,-0.0016,1.0000,
4.1033,1.4438,0.0000,0.0000,0.0000,-0.0016,1.0000,
4.1100,1.4438,0.0000,0.0000,0.0000,-0.0016,1.0000,
4.1167,1.4437,0.0000,0.0000,0.0000,-0.0016,1.0000,
4.1234,1.4437,0.0000,0.0000,0.0000,-0.0016,1.0000,
4.1301,1.4437,0.0000,0.0000,0.0000,-0.0016,1.0000,
4.1367,1.4437,0.0000,0.0000,0.0000,-0.0016,1.0000,
4.1434,1.4437,0.0000,0.0000,0.0000,-0.0016,1.0000,
4.1501,1.4436,0.0000,0.0000,0.0000,-0.0016,1.0000,
4.1568,1.4436,0.0000,0.0000,0.0000,-0.0016,1.0000,
4.1635,1.4436,0.0000,0.0000,0.0000,-0.0016,1.0000,
4.1702,1.4436,0.0000,0.0000,0.0000,-0.0016,1.0000,
4.1768,1.4435,0.0000,0.0000,0.0000,-0.0016,1.0000,
4.1835,1.4435,0.0000,0.0000,0.0000,-0.0016,1.0000,
4.1902,1.4435,0.0000,0.0000,0.0000,-0.0016,1.0000,
4.1969,1.4435,0.0000,0.0000,0.0000,-0.0016,1.0000,
4.2036,1.4435,0.0000,0.0000,0.0000,-0.0016,1.0000,
4.2103,1.4434,0.0000,0.0000,0.0000,-0.0016,1.0000,
4.2169,1.4434,0.0000,0.0000,0.0000,-0.0016,1.0000,
4.2236,1.4434,0.0000,0.0000,0.0000,-0.0016,1.0000,
4.2303,1.4434,0.0000,0.0000,0.0000,-0.0016,1.0000,
4.2370,1.4433,0.0000,0.0000,0.0000,-0.0016,1.0000,
4.2437,1.4433,0.0000,0.0000,0.0000,-0.0016,1.0000,
4.2504,1.4433,0.0000,0.0000,0.0000,-0.0016,1.0000,
4.2570,1.4433,0.0000,0.0000,0.0000,-0.0016,1.0000,
4.2637,1.4433,0.0000,0.0000,0.0000,-0.0016,1.0000,
4.2704,1.4432,0.0000,0.0000,0.0000,-0.0016,1.0000,
4.2771,1.4432,0.0000,0.0000,0.0000,-0.0016,1.0000,
4.2838,1.4432,0.0000,0.0000,0.0000,-0.0016,1.0000,
4.2905,1.4432,0.0000,0.0000,0.0000,-0.0016,1.0000,
4.3038,1.4431,0.0000,0.0000,0.0000,0.0053,1.0000,
4.3106,1.4432,0.0000,0.0000,0.0000,0.0053,1.0000,
4.3174,1.4433,0.0000,0.0000,0.0000,0.0053,1.0000,
4.3242,1.4433,0.0000,0.0000,0.0000,0.0053,1.0000,
4.3310,1.4434,0.0000,0.0000,0.0000,0.0053,1.0000,
4.3378,1.4435,0.0000,0.0000,0.0000,0.0053,1.0000,
4.3446,1.4436,0.0000,0.0000,0.0000,0.0053,1.0000,
4.3513,1.4436,0.0000,0.0000,0.0000,0.0053,1.0000,
4.3581,1.4437,0.0000,0.0000,0.0000,0.0053,1.0000,
4.3649,1.4438,0.0000,0.0000,0.0000,0.0053,1.0000,
4.3717,1.4438,0.0000,0.0000,0.0000,0.0053,1.0000,
4.3785,1.4439,0.0000,0.0000,0.0000,0.0053,1.0000,
4.3853,1.4440,0.0000,0.0000,0.0000,0.0053,1.0000,
4.3921,1.4441,0.0000,0.0000,0.0000,0.0053,1.0000,
4.3989,1.4441,0.0000,0.0000,0.0000,0.0053,1.0000,
4.4056,1.4442,0.0000,0.0000,0.0000,0.0053,1.0000,
4.4124,1.4443,0.0000,0.0000,0.0000,0.0053,1.0000,
4.4192,1.4443,0.0000,0.0000,0.0000,0.0053,1.0000,
4.4260,1.4444,0.0000,0.0000,0.0000,0.0053,1.0000,
4.4328,1.4445,0.0000,0.0000,0.0000,0.0053,1.0000,
4.4396,1.4446,0.0000,0.0000,0.0000,0.0053,1.0000,
4.4464,1.4446,0.0000,0.0000,0.0000,0.0053,1.0000,
4.4532,1.4447,0.0000,0.0000,0.0000,0.0053,1.0000,
4.4600,1.4448,0.0000,0.0000,0.0000,0.0053,1.0000,
4.4735,1.4449,0.0000,0.0000,0.0000,-0.0536,0.9986,
4.4802,1.4442,0.0000,0.0000,0.0000,-0.0536,0.9986,
4.4869,1.4435,0.0000,0.0000,0.0000,-0.0536,0.9986,
4.4935,1.4428,0.0000,0.0000,0.0000,-0.0536,0.9986,
4.5002,1.4420,0.0000,0.0000,0.0000,-0.0536,0.9986,
4.5069,1.4413,0.0000,0.0000,0.0000,-0.0536,0.9986,
4.5135,1.4406,0.0000,0.0000,0.0000,-0.0536,0.9986,
4.5202,1.4399,0.0000,0.0000,0.0000,-0.0536,0.9986,
4.5269,1.4392,0.0000,0.0000,0.0000,-0.0536,0.9986,
4.5402,1.4377,0.0000,0.0000,0.0000,-0.2190,0.9757,
4.5464,1.4348,0.0000,0.0000,0.0000,-0.2190,0.9757,
4.5525,1.4319,0.0000,0.0000,0.0000,-0.2190,0.9757,
4.5587,1.4290,0.0000,0.0000,0.0000,-0.2190,0.9757,
4.5649,1.4261,0.0000,0.0000,0.0000,-0.2190,0.9757,
4.5710,1.4232,0.0000,0.0000,0.0000,-0.2190,0.9757,
4.5772,1.4203,0.0000,0.0000,0.0000,-0.2190,0.9757,
4.5833,1.4173,0.0000,0.0000,0.0000,-0.2190,0.9757,
4.5895,1.4144,0.0000,0.0000,0.0000,-0.2190,0.9757,
4.5957,1.4115,0.0000,0.0000,0.0000,-0.2190,0.9757,
4.6018,1.4086,0.0000,0.0000,0.0000,-0.2190,0.9757,
4.6080,1.4057,0.0000,0.0000,0.0000,-0.2190,0.9757,
4.6203,1.3999,0.0000,0.0000,0.0000,-0.3701,0.9290,
4.6254,1.3951,0.0000,0.0000,0.0000,-0.3701,0.9290,
4.6304,1.3903,0.0000,0.0000,0.0000,-0.3701,0.9290,
4.6354,1.3856,0.0000,0.0000,0.0000,-0.3701,0.9290,
4.6404,1.3808,0.0000,0.0000,0.0000,-0.3701,0.9290,
4.6455,1.3761,0.0000,0.0000,0.0000,-0.3701,0.9290,
4.6505,1.3713,0.0000,0.0000,0.0000,-0.3701,0.9290,
4.6555,1.3665,0.0000,0.0000,0.0000,-0.3701,0.9290,
4.6605,1.3618,0.0000,0.0000,0.0000,-0.3701,0.9290,
4.6656,1.3570,0.0000,0.0000,0.0000,-0.3701,0.9290,
4.6706,1.3523,0.0000,0.0000,0.0000,-0.3701,0.9290,
4.6756,1.3475,0.0000,0.0000,0.0000,-0.3701,0.9290,
4.6806,1.3427,0.0000,0.0000,0.0000,-0.3701,0.9290,
4.6907,1.3332,0.0000,0.0000,0.0000,-0.5023,0.8647,
4.6940,1.3274,0.0000,0.0000,0.0000,-0.5023,0.8647,
4.6974,1.3215,0.0000,0.0000,0.0000,-0.5023,0.8647,
4.7007,1.3156,0.0000,0.0000,0.0000,-0.5023,0.8647,
4.7041,1.3098,0.0000,0.0000,0.0000,-0.5023,0.8647,
4.7074,1.3039,0.0000,0.0000,0.0000,-0.5023,0.8647,
4.7108,1.2981,0.0000,0.0000,0.0000,-0.5023,0.8647,
4.7141,1.2922,0.0000,0.0000,0.0000,-0.5023,0.8647,
4.7174,1.2863,0.0000,0.0000,0.0000,-0.5023,0.8647,
4.7208,1.2805,0.0000,0.0000,0.0000,-0.5023,0.8647,
4.7241,1.2746,0.0000,0.0000,0.0000,-0.5023,0.8647,
4.7275,1.2688,0.0000,0.0000,0.0000,-0.5023,0.8647,
4.7308,1.2629,0.0000,0.0000,0.0000,-0.5023,0.8647,
4.7342,1.2570,0.0000,0.0000,0.0000,-0.5023,0.8647,
4.7375,1.2512,0.0000,0.0000,0.0000,-0.5023,0.8647,
4.7408,1.2453,0.0000,0.0000,0.0000,-0.5023,0.8647,
4.7475,1.2336,0.0000,0.0000,0.0000,-0.6820,0.7314,
4.7480,1.2266,0.0000,0.0000,0.0000,-0.6820,0.7314,
4.7485,1.2197,0.0000,0.0000,0.0000,-0.6820,0.7314,
4.7490,1.2128,0.0000,0.0000,0.0000,-0.6820,0.7314,
4.7495,1.2058,0.0000,0.0000,0.0000,-0.6820,0.7314,
4.7500,1.1989,0.0000,0.0000,0.0000,-0.6820,0.7314,
4.7504,1.1920,0.0000,0.0000,0.0000,-0.6820,0.7314,
4.7509,1.1851,0.0000,0.0000,0.0000,-0.6820,0.7314,
4.7514,1.1781,0.0000,0.0000,0.0000,-0.6820,0.7314,
4.7519,1.1712,0.0000,0.0000,0.0000,-0.6820,0.7314,
4.7524,1.1643,0.0000,0.0000,0.0000,-0.6820,0.7314,
4.7529,1.1573,0.0000,0.0000,0.0000,-0.6820,0.7314,
4.7533,1.1504,0.0000,0.0000,0.0000,-0.6820,0.7314,
4.7538,1.1435,0.0000,0.0000,0.0000,-0.6820,0.7314,
4.7543,1.1365,0.0000,0.0000,0.0000,-0.6820,0.7314,
4.7548,1.1296,0.0000,0.0000,0.0000,-0.6820,0.7314,
4.7558,1.1157,0.0000,0.0000,0.0000,-0.7009,0.7132,
4.7559,1.1088,0.0000,0.0000,0.0000,-0.7009,0.7132,
4.7560,1.1019,0.0000,0.0000,0.0000,-0.7009,0.7132,
4.7561,1.0950,0.0000,0.0000,0.0000,-0.7009,0.7132,
4.7563,1.0882,0.0000,0.0000,0.0000,-0.7009,0.7132,
4.7564,1.0813,0.0000,0.0000,0.0000,-0.7009,0.7132,
4.7565,1.0744,0.0000,0.0000,0.0000,-0.7009,0.7132,
4.7566,1.0675,0.0000,0.0000,0.0000,-0.7009,0.7132,
4.7567,1.0606,0.0000,0.0000,0.0000,-0.7009,0.7132,
4.7569,1.0537,0.0000,0.0000,0.0000,-0.7009,0.7132,
4.7570,1.0468,0.0000,0.0000,0.0000,-0.7009,0.7132,
4.7571,1.0399,0.0000,0.0000,0.0000,-0.7009,0.7132,
4.7572,1.0330,0.0000,0.0000,0.0000,-0.7009,0.7132,
4.7573,1.0261,0.0000,0.0000,0.0000,-0.7009,0.7132,
4.7574,1.0192,0.0000,0.0000,0.0000,-0.7009,0.7132,
4.7576,1.0123,0.0000,0.0000,0.0000,-0.7009,0.7132,
4.7577,1.0055,0.0000,0.0000,0.0000,-0.7009,0.7132,
