4.7533,2.1352,0.0000,0.0000,0.0000,-0.7286,0.6849,
4.7529,2.1283,0.0000,0.0000,0.0000,-0.7286,0.6849,
4.7524,2.1215,0.0000,0.0000,0.0000,-0.7286,0.6849,
4.7520,2.1146,0.0000,0.0000,0.0000,-0.7286,0.6849,
4.7516,2.1078,0.0000,0.0000,0.0000,-0.7286,0.6849,
4.7512,2.1009,0.0000,0.0000,0.0000,-0.7286,0.6849,
4.7507,2.0941,0.0000,0.0000,0.0000,-0.7286,0.6849,
4.7503,2.0872,0.0000,0.0000,0.0000,-0.7286,0.6849,
4.7499,2.0804,0.0000,0.0000,0.0000,-0.7286,0.6849,
4.7495,2.0735,0.0000,0.0000,0.0000,-0.7286,0.6849,
4.7491,2.0666,0.0000,0.0000,0.0000,-0.7286,0.6849,
4.7486,2.0598,0.0000,0.0000,0.0000,-0.7286,0.6849,
4.7482,2.0529,0.0000,0.0000,0.0000,-0.7286,0.6849,
4.7478,2.0461,0.0000,0.0000,0.0000,-0.7286,0.6849,
4.7474,2.0392,0.0000,0.0000,0.0000,-0.7286,0.6849,
4.7469,2.0324,0.0000,0.0000,0.0000,-0.7286,0.6849,
4.7465,2.0255,0.0000,0.0000,0.0000,-0.7286,0.6849,
4.7461,2.0187,0.0000,0.0000,0.0000,-0.7286,0.6849,
4.7457,2.0118,0.0000,0.0000,0.0000,-0.7286,0.6849,
4.7452,2.0050,0.0000,0.0000,0.0000,-0.7286,0.6849,
4.7448,1.9981,0.0000,0.0000,0.0000,-0.7286,0.6849,
4.7444,1.9913,0.0000,0.0000,0.0000,-0.7286,0.6849,
4.7440,1.9844,0.0000,0.0000,0.0000,-0.7286,0.6849,
4.7435,1.9775,0.0000,0.0000,0.0000,-0.7286,0.6849,
4.7431,1.9707,0.0000,0.0000,0.0000,-0.7286,0.6849,
4.7427,1.9638,0.0000,0.0000,0.0000,-0.7286,0.6849,
4.7423,1.9570,0.0000,0.0000,0.0000,-0.7286,0.6849,
4.7414,1.9433,0.0000,0.0000,0.0000,-0.7953,0.6062,
4.7395,1.9364,0.0000,0.0000,0.0000,-0.7953,0.6062,
4.7376,1.9295,0.0000,0.0000,0.0000,-0.7953,0.6062,
4.7358,1.9227,0.0000,0.0000,0.0000,-0.7953,0.6062,
4.7339,1.9158,0.0000,0.0000,0.0000,-0.7953,0.6062,
4.7320,1.9089,0.0000,0.0000,0.0000,-0.7953,0.6062,
4.7301,1.9021,0.0000,0.0000,0.0000,-0.7953,0.6062,
4.7282,1.8952,0.0000,0.0000,0.0000,-0.7953,0.6062,
4.7263,1.8883,0.0000,0.0000,0.0000,-0.7953,0.6062,
4.7225,1.8746,0.0000,0.0000,0.0000,-0.8557,0.5175,
4.7193,1.8685,0.0000,0.0000,0.0000,-0.8557,0.5175,
4.7162,1.8624,0.0000,0.0000,0.0000,-0.8557,0.5175,
4.7130,1.8563,0.0000,0.0000,0.0000,-0.8557,0.5175,
4.7098,1.8502,0.0000,0.0000,0.0000,-0.8557,0.5175,
4.7066,1.8441,0.0000,0.0000,0.0000,-0.8557,0.5175,
4.7034,1.8380,0.0000,0.0000,0.0000,-0.8557,0.5175,
4.7002,1.8320,0.0000,0.0000,0.0000,-0.8557,0.5175,
4.6970,1.8259,0.0000,0.0000,0.0000,-0.8557,0.5175,
4.6938,1.8198,0.0000,0.0000,0.0000,-0.8557,0.5175,
4.6874,1.8076,0.0000,0.0000,0.0000,-0.9564,0.2919,
4.6818,1.8038,0.0000,0.0000,0.0000,-0.9564,0.2919,
4.6761,1.8000,0.0000,0.0000,0.0000,-0.9564,0.2919,
4.6705,1.7962,0.0000,0.0000,0.0000,-0.9564,0.2919,
4.6648,1.7924,0.0000,0.0000,0.0000,-0.9564,0.2919,
4.6592,1.7886,0.0000,0.0000,0.0000,-0.9564,0.2919,
4.6535,1.7848,0.0000,0.0000,0.0000,-0.9564,0.2919,
4.6478,1.7810,0.0000,0.0000,0.0000,-0.9564,0.2919,
4.6422,1.7772,0.0000,0.0000,0.0000,-0.9564,0.2919,
4.6365,1.7733,0.0000,0.0000,0.0000,-0.9564,0.2919,
4.6309,1.7695,0.0000,0.0000,0.0000,-0.9564,0.2919,
4.6252,1.7657,0.0000,0.0000,0.0000,-0.9564,0.2919,
4.6196,1.7619,0.0000,0.0000,0.0000,-0.9564,0.2919,
4.6139,1.7581,0.0000,0.0000,0.0000,-0.9564,0.2919,
4.6026,1.7505,0.0000,0.0000,0.0000,-0.9805,0.1964,
4.5963,1.7479,0.0000,0.0000,0.0000,-0.9805,0.1964,
4.5900,1.7452,0.0000,0.0000,0.0000,-0.9805,0.1964,
4.5836,1.7426,0.0000,0.0000,0.0000,-0.9805,0.1964,
4.5773,1.7400,0.0000,0.0000,0.0000,-0.9805,0.1964,
4.5710,1.7373,0.0000,0.0000,0.0000,-0.9805,0.1964,
4.5647,1.7347,0.0000,0.0000,0.0000,-0.9805,0.1964,
4.5584,1.7320,0.0000,0.0000,0.0000,-0.9805,0.1964,
4.5520,1.7294,0.0000,0.0000,0.0000,-0.9805,0.1964,
4.5457,1.7268,0.0000,0.0000,0.0000,-0.9805,0.1964,
4.5331,1.7215,0.0000,0.0000,0.0000,-1.0000,0.0076,
4.5262,1.7214,0.0000,0.0000,0.0000,-1.0000,0.0076,
4.5194,1.7213,0.0000,0.0000,0.0000,-1.0000,0.0076,
4.5125,1.7212,0.0000,0.0000,0.0000,-1.0000,0.0076,
4.5057,1.7211,0.0000,0.0000,0.0000,-1.0000,0.0076,
4.4988,1.7210,0.0000,0.0000,0.0000,-1.0000,0.0076,
4.4920,1.7209,0.0000,0.0000,0.0000,-1.0000,0.0076,
4.4851,1.7208,0.0000,0.0000,0.0000,-1.0000,0.0076,
4.4783,1.7207,0.0000,0.0000,0.0000,-1.0000,0.0076,
4.4714,1.7206,0.0000,0.0000,0.0000,-1.0000,0.0076,
4.4646,1.7205,0.0000,0.0000,0.0000,-1.0000,0.0076,
4.4577,1.7203,0.0000,0.0000,0.0000,-1.0000,0.0076,
4.4509,1.7202,0.0000,0.0000,0.0000,-1.0000,0.0076,
4.4440,1.7201,0.0000,0.0000,0.0000,-1.0000,0.0076,
4.4372,1.7200,0.0000,0.0000,0.0000,-1.0000,0.0076,
4.4303,1.7199,0.0000,0.0000,0.0000,-1.0000,0.0076,
4.4235,1.7198,0.0000,0.0000,0.0000,-1.0000,0.0076,
4.4166,1.7197,0.0000,0.0000,0.0000,-1.0000,0.0076,
4.4029,1.7195,0.0000,0.0000,0.0000,-1.0000,0.0028,
4.3963,1.7195,0.0000,0.0000,0.0000,-1.0000,0.0028,
4.3896,1.7194,0.0000,0.0000,0.0000,-1.0000,0.0028,
4.3829,1.7194,0.0000,0.0000,0.0000,-1.0000,0.0028,
4.3762,1.7194,0.0000,0.0000,0.0000,-1.0000,0.0028,
4.3695,1.7193,0.0000,0.0000,0.0000,-1.0000,0.0028,
4.3628,1.7193,0.0000,0.0000,0.0000,-1.0000,0.0028,
4.3561,1.7193,0.0000,0.0000,0.0000,-1.0000,0.0028,
4.3494,1.7192,0.0000,0.0000,0.0000,-1.0000,0.0028,
4.3428,1.7192,0.0000,0.0000,0.0000,-1.0000,0.0028,
4.3361,1.7191,0.0000,0.0000,0.0000,-1.0000,0.0028,
4.3294,1.7191,0.0000,0.0000,0.0000,-1.0000,0.0028,
4.3227,1.7191,0.0000,0.0000,0.0000,-1.0000,0.0028,
4.3160,1.7190,0.0000,0.0000,0.0000,-1.0000,0.0028,
4.3093,1.7190,0.0000,0.0000,0.0000,-1.0000,0.0028,
4.3026,1.7190,0.0000,0.0000,0.0000,-1.0000,0.0028,
4.2959,1.7189,0.0000,0.0000,0.0000,-1.0000,0.0028,
4.2893,1.7189,0.0000,0.0000,0.0000,-1.0000,0.0028,
4.2826,1.7188,0.0000,0.0000,0.0000,-1.0000,0.0028,
4.2759,1.7188,0.0000,0.0000,0.0000,-1.0000,0.0028,
4.2692,1.7188,0.0000,0.0000,0.0000,-1.0000,0.0028,
4.2625,1.7187,0.0000,0.0000,0.0000,-1.0000,0.0028,
4.2558,1.7187,0.0000,0.0000,0.0000,-1.0000,0.0028,
4.2491,1.7187,0.0000,0.0000,0.0000,-1.0000,0.0028,
4.2424,1.7186,0.0000,0.0000,0.0000,-1.0000,0.0028,
4.2358,1.7186,0.0000,0.0000,0.0000,-1.0000,0.0028,
4.2291,1.7185,0.0000,0.0000,0.0000,-1.0000,0.0028,
4.2224,1.7185,0.0000,0.0000,0.0000,-1.0000,0.0028,
4.2157,1.7185,0.0000,0.0000,0.0000,-1.0000,0.0028,
4.2090,1.7184,0.0000,0.0000,0.0000,-1.0000,0.0028,
4.2023,1.7184,0.0000,0.0000,0.0000,-1.0000,0.0028,
4.1956,1.7184,0.0000,0.0000,0.0000,-1.0000,0.0028,
4.1889,1.7183,0.0000,0.0000,0.0000,-1.0000,0.0028,
4.1823,1.7183,0.0000,0.0000,0.0000,-1.0000,0.0028,
4.1756,1.7182,0.0000,0.0000,0.0000,-1.0000,0.0028,
4.1689,1.7182,0.0000,0.0000,0.0000,-1.0000,0.0028,
4.1622,1.7182,0.0000,0.0000,0.0000,-1.0000,0.0028,
4.1555,1.7181,0.0000,0.0000,0.0000,-1.0000,0.0028,
4.1488,1.7181,0.0000,0.0000,0.0000,-1.0000,0.0028,
4.1421,1.7181,0.0000,0.0000,0.0000,-1.0000,0.0028,
4.1354,1.7180,0.0000,0.0000,0.0000,-1.0000,0.0028,
4.1288,1.7180,0.0000,0.0000,0.0000,-1.0000,0.0028,
4.1221,1.7179,0.0000,0.0000,0.0000,-1.0000,0.0028,
4.1154,1.7179,0.0000,0.0000,0.0000,-1.0000,0.0028,
4.1087,1.7179,0.0000,0.0000,0.0000,-1.0000,0.0028,
4.1020,1.7178,0.0000,0.0000,0.0000,-1.0000,0.0028,
4.0953,1.7178,0.0000,0.0000,0.0000,-1.0000,0.0028,
4.0886,1.7178,0.0000,0.0000,0.0000,-1.0000,0.0028,
4.0819,1.7177,0.0000,0.0000,0.0000,-1.0000,0.0028,
4.0753,1.7177,0.0000,0.0000,0.0000,-1.0000,0.0028,
4.0686,1.7177,0.0000,0.0000,0.0000,-1.0000,0.0028,
4.0619,1.7176,0.0000,0.0000,0.0000,-1.0000,0.0028,
4.0552,1.7176,0.0000,0.0000,0.0000,-1.0000,0.0028,
4.0485,1.7175,0.0000,0.0000,0.0000,-1.0000,0.0028,
4.0418,1.7175,0.0000,0.0000,0.0000,-1.0000,0.0028,
4.0351,1.7175,0.0000,0.0000,0.0000,-1.0000,0.0028,
4.0284,1.7174,0.0000,0.0000,0.0000,-1.0000,0.0028,
4.0218,1.7174,0.0000,0.0000,0.0000,-1.0000,0.0028,
4.0151,1.7174,0.0000,0.0000,0.0000,-1.0000,0.0028,
4.0084,1.7173,0.0000,0.0000,0.0000,-1.0000,0.0028,
4.0017,1.7173,0.0000,0.0000,0.0000,-1.0000,0.0028,
3.9950,1.7172,0.0000,0.0000,0.0000,-1.0000,0.0028,
3.9883,1.7172,0.0000,0.0000,0.0000,-1.0000,0.0028,
3.9816,1.7172,0.0000,0.0000,0.0000,-1.0000,0.0028,
3.9749,1.7171,0.0000,0.0000,0.0000,-1.0000,0.0028,
3.9683,1.7171,0.0000,0.0000,0.0000,-1.0000,0.0028,
3.9616,1.7171,0.0000,0.0000,0.0000,-1.0000,0.0028,
3.9549,1.7170,0.0000,0.0000,0.0000,-1.0000,0.0028,
3.9482,1.7170,0.0000,0.0000,0.0000,-1.0000,0.0028,
3.9415,1.7169,0.0000,0.0000,0.0000,-1.0000,0.0028,
3.9348,1.7169,0.0000,0.0000,0.0000,-1.0000,0.0028,
3.9281,1.7169,0.0000,0.0000,0.0000,-1.0000,0.0028,
3.9214,1.7168,0.0000,0.0000,0.0000,-1.0000,0.0028,
3.9148,1.7168,0.0000,0.0000,0.0000,-1.0000,0.0028,
3.9081,1.7168,0.0000,0.0000,0.0000,-1.0000,0.0028,
3.9014,1.7167,0.0000,0.0000,0.0000,-1.0000,0.0028,
3.8947,1.7167,0.0000,0.0000,0.0000,-1.0000,0.0028,
3.8880,1.7166,0.0000,0.0000,0.0000,-1.0000,0.0028,
3.8813,1.7166,0.0000,0.0000,0.0000,-1.0000,0.0028,
3.8746,1.7166,0.0000,0.0000,0.0000,-1.0000,0.0028,
3.8679,1.7165,0.0000,0.0000,0.0000,-1.0000,0.0028,
3.8613,1.7165,0.0000,0.0000,0.0000,-1.0000,0.0028,
3.8546,1.7165,0.0000,0.0000,0.0000,-1.0000,0.0028,
3.8479,1.7164,0.0000,0.0000,0.0000,-1.0000,0.0028,
3.8412,1.7164,0.0000,0.0000,0.0000,-1.0000,0.0028,
3.8345,1.7163,0.0000,0.0000,0.0000,-1.0000,0.0028,
3.8278,1.7163,0.0000,0.0000,0.0000,-1.0000,0.0028,
3.8211,1.7163,0.0000,0.0000,0.0000,-1.0000,0.0028,
3.8144,1.7162,0.0000,0.0000,0.0000,-1.0000,0.0028,
3.8078,1.7162,0.0000,0.0000,0.0000,-1.0000,0.0028,
3.8011,1.7162,0.0000,0.0000,0.0000,-1.0000,0.0028,
3.7944,1.7161,0.0000,0.0000,0.0000,-1.0000,0.0028,
3.7877,1.7161,0.0000,0.0000,0.0000,-1.0000,0.0028,
3.7810,1.7160,0.0000,0.0000,0.0000,-1.0000,0.0028,
3.7743,1.7160,0.0000,0.0000,0.0000,-1.0000,0.0028,
3.7676,1.7160,0.0000,0.0000,0.0000,-1.0000,0.0028,
3.7609,1.7159,0.0000,0.0000,0.0000,-1.0000,0.0028,
3.7543,1.7159,0.0000,0.0000,0.0000,-1.0000,0.0028,
3.7476,1.7159,0.0000,0.0000,0.0000,-1.0000,0.0028,
3.7409,1.7158,0.0000,0.0000,0.0000,-1.0000,0.0028,
3.7342,1.7158,0.0000,0.0000,0.0000,-1.0000,0.0028,
3.7275,1.7157,0.0000,0.0000,0.0000,-1.0000,0.0028,
3.7208,1.7157,0.0000,0.0000,0.0000,-1.0000,0.0028,
3.7141,1.7157,0.0000,0.0000,0.0000,-1.0000,0.0028,
3.7074,1.7156,0.0000,0.0000,0.0000,-1.0000,0.0028,
3.7008,1.7156,0.0000,0.0000,0.0000,-1.0000,0.0028,
3.6941,1.7156,0.0000,0.0000,0.0000,-1.0000,0.0028,
3.6874,1.7155,0.0000,0.0000,0.0000,-1.0000,0.0028,
3.6807,1.7155,0.0000,0.0000,0.0000,-1.0000,0.0028,
3.6740,1.7154,0.0000,0.0000,0.0000,-1.0000,0.0028,
3.6673,1.7154,0.0000,0.0000,0.0000,-1.0000,0.0028,
3.6606,1.7154,0.0000,0.0000,0.0000,-1.0000,0.0028,
3.6539,1.7153,0.0000,0.0000,0.0000,-1.0000,0.0028,
3.6473,1.7153,0.0000,0.0000,0.0000,-1.0000,0.0028,
3.6406,1.7153,0.0000,0.0000,0.0000,-1.0000,0.0028,
3.6339,1.7152,0.0000,0.0000,0.0000,-1.0000,0.0028,
3.6272,1.7152,0.0000,0.0000,0.0000,-1.0000,0.0028,
3.6205,1.7151,0.0000,0.0000,0.0000,-1.0000,0.0028,
3.6138,1.7151,0.0000,0.0000,0.0000,-1.0000,0.0028,
3.6071,1.7151,0.0000,0.0000,0.0000,-1.0000,0.0028,
3.6004,1.7150,0.0000,0.0000,0.0000,-1.0000,0.0028,
3.5938,1.7150,0.0000,0.0000,0.0000,-1.0000,0.0028,
3.5871,1.7150,0.0000,0.0000,0.0000,-1.0000,0.0028,
3.5804,1.7149,0.0000,0.0000,0.0000,-1.0000,0.0028,
3.5737,1.7149,0.0000,0.0000,0.0000,-1.0000,0.0028,
3.5670,1.7148,0.0000,0.0000,0.0000,-1.0000,0.0028,
3.5603,1.7148,0.0000,0.0000,0.0000,-1.0000,0.0028,
3.5536,1.7148,0.0000,0.0000,0.0000,-1.0000,0.0028,
3.5469,1.7147,0.0000,0.0000,0.0000,-1.0000,0.0028,
3.5403,1.7147,0.0000,0.0000,0.0000,-1.0000,0.0028,
3.5336,1.7147,0.0000,0.0000,0.0000,-1.0000,0.0028,
3.5269,1.7146,0.0000,0.0000,0.0000,-1.0000,0.0028,
3.5202,1.7146,0.0000,0.0000,0.0000,-1.0000,0.0028,
3.5135,1.7145,0.0000,0.0000,0.0000,-1.0000,0.0028,
3.5068,1.7145,0.0000,0.0000,0.0000,-1.0000,0.0028,
