3.4934,1.7144,0.0000,0.0000,0.0000,-1.0000,0.0011,
3.4868,1.7144,0.0000,0.0000,0.0000,-1.0000,0.0011,
3.4801,1.7144,0.0000,0.0000,0.0000,-1.0000,0.0011,
3.4734,1.7144,0.0000,0.0000,0.0000,-1.0000,0.0011,
3.4667,1.7144,0.0000,0.0000,0.0000,-1.0000,0.0011,
3.4600,1.7144,0.0000,0.0000,0.0000,-1.0000,0.0011,
3.4533,1.7143,0.0000,0.0000,0.0000,-1.0000,0.0011,
3.4466,1.7143,0.0000,0.0000,0.0000,-1.0000,0.0011,
3.4399,1.7143,0.0000,0.0000,0.0000,-1.0000,0.0011,
3.4332,1.7143,0.0000,0.0000,0.0000,-1.0000,0.0011,
3.4265,1.7143,0.0000,0.0000,0.0000,-1.0000,0.0011,
3.4199,1.7143,0.0000,0.0000,0.0000,-1.0000,0.0011,
3.4132,1.7143,0.0000,0.0000,0.0000,-1.0000,0.0011,
3.4065,1.7142,0.0000,0.0000,0.0000,-1.0000,0.0011,
3.3998,1.7142,0.0000,0.0000,0.0000,-1.0000,0.0011,
3.3931,1.7142,0.0000,0.0000,0.0000,-1.0000,0.0011,
3.3864,1.7142,0.0000,0.0000,0.0000,-1.0000,0.0011,
3.3797,1.7142,0.0000,0.0000,0.0000,-1.0000,0.0011,
3.3730,1.7142,0.0000,0.0000,0.0000,-1.0000,0.0011,
3.3663,1.7142,0.0000,0.0000,0.0000,-1.0000,0.0011,
3.3596,1.7141,0.0000,0.0000,0.0000,-1.0000,0.0011,
3.3530,1.7141,0.0000,0.0000,0.0000,-1.0000,0.0011,
3.3463,1.7141,0.0000,0.0000,0.0000,-1.0000,0.0011,
3.3396,1.7141,0.0000,0.0000,0.0000,-1.0000,0.0011,
3.3329,1.7141,0.0000,0.0000,0.0000,-1.0000,0.0011,
3.3262,1.7141,0.0000,0.0000,0.0000,-1.0000,0.0011,
3.3195,1.7141,0.0000,0.0000,0.0000,-1.0000,0.0011,
3.3128,1.7140,0.0000,0.0000,0.0000,-1.0000,0.0011,
3.3061,1.7140,0.0000,0.0000,0.0000,-1.0000,0.0011,
3.2994,1.7140,0.0000,0.0000,0.0000,-1.0000,0.0011,
3.2927,1.7140,0.0000,0.0000,0.0000,-1.0000,0.0011,
3.2861,1.7140,0.0000,0.0000,0.0000,-1.0000,0.0011,
3.2794,1.7140,0.0000,0.0000,0.0000,-1.0000,0.0011,
3.2727,1.7140,0.0000,0.0000,0.0000,-1.0000,0.0011,
3.2660,1.7139,0.0000,0.0000,0.0000,-1.0000,0.0011,
3.2593,1.7139,0.0000,0.0000,0.0000,-1.0000,0.0011,
3.2526,1.7139,0.0000,0.0000,0.0000,-1.0000,0.0011,
3.2459,1.7139,0.0000,0.0000,0.0000,-1.0000,0.0011,
3.2392,1.7139,0.0000,0.0000,0.0000,-1.0000,0.0011,
3.2325,1.7139,0.0000,0.0000,0.0000,-1.0000,0.0011,
3.2258,1.7139,0.0000,0.0000,0.0000,-1.0000,0.0011,
3.2192,1.7138,0.0000,0.0000,0.0000,-1.0000,0.0011,
3.2125,1.7138,0.0000,0.0000,0.0000,-1.0000,0.0011,
3.2058,1.7138,0.0000,0.0000,0.0000,-1.0000,0.0011,
3.1991,1.7138,0.0000,0.0000,0.0000,-1.0000,0.0011,
3.1924,1.7138,0.0000,0.0000,0.0000,-1.0000,0.0011,
3.1857,1.7138,0.0000,0.0000,0.0000,-1.0000,0.0011,
3.1790,1.7138,0.0000,0.0000,0.0000,-1.0000,0.0011,
3.1723,1.7137,0.0000,0.0000,0.0000,-1.0000,0.0011,
3.1656,1.7137,0.0000,0.0000,0.0000,-1.0000,0.0011,
3.1589,1.7137,0.0000,0.0000,0.0000,-1.0000,0.0011,
3.1523,1.7137,0.0000,0.0000,0.0000,-1.0000,0.0011,
3.1456,1.7137,0.0000,0.0000,0.0000,-1.0000,0.0011,
3.1389,1.7137,0.0000,0.0000,0.0000,-1.0000,0.0011,
3.1322,1.7137,0.0000,0.0000,0.0000,-1.0000,0.0011,
3.1255,1.7136,0.0000,0.0000,0.0000,-1.0000,0.0011,
3.1188,1.7136,0.0000,0.0000,0.0000,-1.0000,0.0011,
3.1121,1.7136,0.0000,0.0000,0.0000,-1.0000,0.0011,
3.1054,1.7136,0.0000,0.0000,0.0000,-1.0000,0.0011,
3.0987,1.7136,0.0000,0.0000,0.0000,-1.0000,0.0011,
3.0920,1.7136,0.0000,0.0000,0.0000,-1.0000,0.0011,
3.0854,1.7136,0.0000,0.0000,0.0000,-1.0000,0.0011,
3.0787,1.7135,0.0000,0.0000,0.0000,-1.0000,0.0011,
3.0720,1.7135,0.0000,0.0000,0.0000,-1.0000,0.0011,
3.0653,1.7135,0.0000,0.0000,0.0000,-1.0000,0.0011,
3.0586,1.7135,0.0000,0.0000,0.0000,-1.0000,0.0011,
3.0519,1.7135,0.0000,0.0000,0.0000,-1.0000,0.0011,
3.0452,1.7135,0.0000,0.0000,0.0000,-1.0000,0.0011,
3.0385,1.7135,0.0000,0.0000,0.0000,-1.0000,0.0011,
3.0318,1.7134,0.0000,0.0000,0.0000,-1.0000,0.0011,
3.0251,1.7134,0.0000,0.0000,0.0000,-1.0000,0.0011,
3.0185,1.7134,0.0000,0.0000,0.0000,-1.0000,0.0011,
3.0118,1.7134,0.0000,0.0000,0.0000,-1.0000,0.0011,
3.0051,1.7134,0.0000,0.0000,0.0000,-1.0000,0.0011,
2.9984,1.7134,0.0000,0.0000,0.0000,-1.0000,0.0011,
2.9917,1.7134,0.0000,0.0000,0.0000,-1.0000,0.0011,
2.9850,1.7133,0.0000,0.0000,0.0000,-1.0000,0.0011,
2.9783,1.7133,0.0000,0.0000,0.0000,-1.0000,0.0011,
2.9716,1.7133,0.0000,0.0000,0.0000,-1.0000,0.0011,
2.9649,1.7133,0.0000,0.0000,0.0000,-1.0000,0.0011,
2.9582,1.7133,0.0000,0.0000,0.0000,-1.0000,0.0011,
2.9515,1.7133,0.0000,0.0000,0.0000,-1.0000,0.0011,
2.9449,1.7133,0.0000,0.0000,0.0000,-1.0000,0.0011,
2.9382,1.7132,0.0000,0.0000,0.0000,-1.0000,0.0011,
2.9315,1.7132,0.0000,0.0000,0.0000,-1.0000,0.0011,
2.9248,1.7132,0.0000,0.0000,0.0000,-1.0000,0.0011,
2.9181,1.7132,0.0000,0.0000,0.0000,-1.0000,0.0011,
2.9114,1.7132,0.0000,0.0000,0.0000,-1.0000,0.0011,
2.9047,1.7132,0.0000,0.0000,0.0000,-1.0000,0.0011,
2.8980,1.7132,0.0000,0.0000,0.0000,-1.0000,0.0011,
2.8913,1.7131,0.0000,0.0000,0.0000,-1.0000,0.0011,
2.8846,1.7131,0.0000,0.0000,0.0000,-1.0000,0.0011,
2.8780,1.7131,0.0000,0.0000,0.0000,-1.0000,0.0011,
2.8713,1.7131,0.0000,0.0000,0.0000,-1.0000,0.0011,
2.8646,1.7131,0.0000,0.0000,0.0000,-1.0000,0.0011,
2.8579,1.7131,0.0000,0.0000,0.0000,-1.0000,0.0011,
2.8512,1.7131,0.0000,0.0000,0.0000,-1.0000,0.0011,
2.8445,1.7130,0.0000,0.0000,0.0000,-1.0000,0.0011,
2.8378,1.7130,0.0000,0.0000,0.0000,-1.0000,0.0011,
2.8311,1.7130,0.0000,0.0000,0.0000,-1.0000,0.0011,
2.8244,1.7130,0.0000,0.0000,0.0000,-1.0000,0.0011,
2.8177,1.7130,0.0000,0.0000,0.0000,-1.0000,0.0011,
2.8111,1.7130,0.0000,0.0000,0.0000,-1.0000,0.0011,
2.8044,1.7130,0.0000,0.0000,0.0000,-1.0000,0.0011,
2.7977,1.7129,0.0000,0.0000,0.0000,-1.0000,0.0011,
2.7910,1.7129,0.0000,0.0000,0.0000,-1.0000,0.0011,
2.7843,1.7129,0.0000,0.0000,0.0000,-1.0000,0.0011,
2.7776,1.7129,0.0000,0.0000,0.0000,-1.0000,0.0011,
2.7709,1.7129,0.0000,0.0000,0.0000,-1.0000,0.0011,
2.7642,1.7129,0.0000,0.0000,0.0000,-1.0000,0.0011,
2.7575,1.7129,0.0000,0.0000,0.0000,-1.0000,0.0011,
2.7508,1.7128,0.0000,0.0000,0.0000,-1.0000,0.0011,
2.7442,1.7128,0.0000,0.0000,0.0000,-1.0000,0.0011,
2.7375,1.7128,0.0000,0.0000,0.0000,-1.0000,0.0011,
2.7308,1.7128,0.0000,0.0000,0.0000,-1.0000,0.0011,
2.7241,1.7128,0.0000,0.0000,0.0000,-1.0000,0.0011,
2.7174,1.7128,0.0000,0.0000,0.0000,-1.0000,0.0011,
2.7107,1.7128,0.0000,0.0000,0.0000,-1.0000,0.0011,
2.7040,1.7127,0.0000,0.0000,0.0000,-1.0000,0.0011,
2.6973,1.7127,0.0000,0.0000,0.0000,-1.0000,0.0011,
2.6906,1.7127,0.0000,0.0000,0.0000,-1.0000,0.0011,
2.6839,1.7127,0.0000,0.0000,0.0000,-1.0000,0.0011,
2.6773,1.7127,0.0000,0.0000,0.0000,-1.0000,0.0011,
2.6706,1.7127,0.0000,0.0000,0.0000,-1.0000,0.0011,
2.6639,1.7127,0.0000,0.0000,0.0000,-1.0000,0.0011,
2.6572,1.7126,0.0000,0.0000,0.0000,-1.0000,0.0011,
2.6505,1.7126,0.0000,0.0000,0.0000,-1.0000,0.0011,
2.6438,1.7126,0.0000,0.0000,0.0000,-1.0000,0.0011,
2.6371,1.7126,0.0000,0.0000,0.0000,-1.0000,0.0011,
2.6304,1.7126,0.0000,0.0000,0.0000,-1.0000,0.0011,
2.6237,1.7126,0.0000,0.0000,0.0000,-1.0000,0.0011,
2.6170,1.7126,0.0000,0.0000,0.0000,-1.0000,0.0011,
2.6104,1.7125,0.0000,0.0000,0.0000,-1.0000,0.0011,
2.6037,1.7125,0.0000,0.0000,0.0000,-1.0000,0.0011,
2.5970,1.7125,0.0000,0.0000,0.0000,-1.0000,0.0011,
2.5903,1.7125,0.0000,0.0000,0.0000,-1.0000,0.0011,
2.5836,1.7125,0.0000,0.0000,0.0000,-1.0000,0.0011,
2.5769,1.7125,0.0000,0.0000,0.0000,-1.0000,0.0011,
2.5702,1.7125,0.0000,0.0000,0.0000,-1.0000,0.0011,
2.5635,1.7124,0.0000,0.0000,0.0000,-1.0000,0.0011,
2.5568,1.7124,0.0000,0.0000,0.0000,-1.0000,0.0011,
2.5501,1.7124,0.0000,0.0000,0.0000,-1.0000,0.0011,
2.5435,1.7124,0.0000,0.0000,0.0000,-1.0000,0.0011,
2.5368,1.7124,0.0000,0.0000,0.0000,-1.0000,0.0011,
2.5301,1.7124,0.0000,0.0000,0.0000,-1.0000,0.0011,
2.5234,1.7124,0.0000,0.0000,0.0000,-1.0000,0.0011,
2.5167,1.7123,0.0000,0.0000,0.0000,-1.0000,0.0011,
2.5100,1.7123,0.0000,0.0000,0.0000,-1.0000,0.0011,
2.5033,1.7123,0.0000,0.0000,0.0000,-1.0000,0.0011,
2.4966,1.7123,0.0000,0.0000,0.0000,-1.0000,0.0011,
2.4899,1.7123,0.0000,0.0000,0.0000,-1.0000,0.0011,
2.4832,1.7123,0.0000,0.0000,0.0000,-1.0000,0.0011,
2.4766,1.7123,0.0000,0.0000,0.0000,-1.0000,0.0011,
2.4699,1.7122,0.0000,0.0000,0.0000,-1.0000,0.0011,
2.4632,1.7122,0.0000,0.0000,0.0000,-1.0000,0.0011,
2.4565,1.7122,0.0000,0.0000,0.0000,-1.0000,0.0011,
2.4498,1.7122,0.0000,0.0000,0.0000,-1.0000,0.0011,
2.4431,1.7122,0.0000,0.0000,0.0000,-1.0000,0.0011,
2.4364,1.7122,0.0000,0.0000,0.0000,-1.0000,0.0011,
2.4297,1.7122,0.0000,0.0000,0.0000,-1.0000,0.0011,
2.4230,1.7121,0.0000,0.0000,0.0000,-1.0000,0.0011,
2.4163,1.7121,0.0000,0.0000,0.0000,-1.0000,0.0011,
2.4097,1.7121,0.0000,0.0000,0.0000,-1.0000,0.0011,
2.4030,1.7121,0.0000,0.0000,0.0000,-1.0000,0.0011,
2.3963,1.7121,0.0000,0.0000,0.0000,-1.0000,0.0011,
2.3896,1.7121,0.0000,0.0000,0.0000,-1.0000,0.0011,
2.3829,1.7121,0.0000,0.0000,0.0000,-1.0000,0.0011,
2.3762,1.7120,0.0000,0.0000,0.0000,-1.0000,0.0011,
2.3695,1.7120,0.0000,0.0000,0.0000,-1.0000,0.0011,
2.3628,1.7120,0.0000,0.0000,0.0000,-1.0000,0.0011,
2.3561,1.7120,0.0000,0.0000,0.0000,-1.0000,0.0011,
2.3494,1.7120,0.0000,0.0000,0.0000,-1.0000,0.0011,
2.3428,1.7120,0.0000,0.0000,0.0000,-1.0000,0.0011,
2.3361,1.7120,0.0000,0.0000,0.0000,-1.0000,0.0011,
2.3294,1.7119,0.0000,0.0000,0.0000,-1.0000,0.0011,
2.3227,1.7119,0.0000,0.0000,0.0000,-1.0000,0.0011,
2.3160,1.7119,0.0000,0.0000,0.0000,-1.0000,0.0011,
2.3093,1.7119,0.0000,0.0000,0.0000,-1.0000,0.0011,
2.3026,1.7119,0.0000,0.0000,0.0000,-1.0000,0.0011,
2.2959,1.7119,0.0000,0.0000,0.0000,-1.0000,0.0011,
2.2892,1.7119,0.0000,0.0000,0.0000,-1.0000,0.0011,
2.2825,1.7118,0.0000,0.0000,0.0000,-1.0000,0.0011,
2.2759,1.7118,0.0000,0.0000,0.0000,-1.0000,0.0011,
2.2692,1.7118,0.0000,0.0000,0.0000,-1.0000,0.0011,
2.2625,1.7118,0.0000,0.0000,0.0000,-1.0000,0.0011,
