2.2491,1.7118,0.0000,0.0000,0.0000,1.0000,0.0037,
2.2424,1.7118,0.0000,0.0000,0.0000,1.0000,0.0037,
2.2358,1.7119,0.0000,0.0000,0.0000,1.0000,0.0037,
2.2291,1.7119,0.0000,0.0000,0.0000,1.0000,0.0037,
2.2224,1.7120,0.0000,0.0000,0.0000,1.0000,0.0037,
2.2158,1.7120,0.0000,0.0000,0.0000,1.0000,0.0037,
2.2091,1.7121,0.0000,0.0000,0.0000,1.0000,0.0037,
2.2024,1.7121,0.0000,0.0000,0.0000,1.0000,0.0037,
2.1957,1.7122,0.0000,0.0000,0.0000,1.0000,0.0037,
2.1891,1.7122,0.0000,0.0000,0.0000,1.0000,0.0037,
2.1824,1.7123,0.0000,0.0000,0.0000,1.0000,0.0037,
2.1757,1.7123,0.0000,0.0000,0.0000,1.0000,0.0037,
2.1691,1.7124,0.0000,0.0000,0.0000,1.0000,0.0037,
2.1624,1.7124,0.0000,0.0000,0.0000,1.0000,0.0037,
2.1557,1.7125,0.0000,0.0000,0.0000,1.0000,0.0037,
2.1491,1.7125,0.0000,0.0000,0.0000,1.0000,0.0037,
2.1424,1.7126,0.0000,0.0000,0.0000,1.0000,0.0037,
2.1357,1.7126,0.0000,0.0000,0.0000,1.0000,0.0037,
2.1291,1.7127,0.0000,0.0000,0.0000,1.0000,0.0037,
2.1224,1.7127,0.0000,0.0000,0.0000,1.0000,0.0037,
2.1157,1.7128,0.0000,0.0000,0.0000,1.0000,0.0037,
2.1091,1.7128,0.0000,0.0000,0.0000,1.0000,0.0037,
2.1024,1.7129,0.0000,0.0000,0.0000,1.0000,0.0037,
2.0957,1.7129,0.0000,0.0000,0.0000,1.0000,0.0037,
2.0890,1.7129,0.0000,0.0000,0.0000,1.0000,0.0037,
2.0824,1.7130,0.0000,0.0000,0.0000,1.0000,0.0037,
2.0757,1.7130,0.0000,0.0000,0.0000,1.0000,0.0037,
2.0690,1.7131,0.0000,0.0000,0.0000,1.0000,0.0037,
2.0624,1.7131,0.0000,0.0000,0.0000,1.0000,0.0037,
2.0557,1.7132,0.0000,0.0000,0.0000,1.0000,0.0037,
2.0490,1.7132,0.0000,0.0000,0.0000,1.0000,0.0037,
2.0424,1.7133,0.0000,0.0000,0.0000,1.0000,0.0037,
2.0357,1.7133,0.0000,0.0000,0.0000,1.0000,0.0037,
2.0290,1.7134,0.0000,0.0000,0.0000,1.0000,0.0037,
2.0224,1.7134,0.0000,0.0000,0.0000,1.0000,0.0037,
2.0157,1.7135,0.0000,0.0000,0.0000,1.0000,0.0037,
2.0090,1.7135,0.0000,0.0000,0.0000,1.0000,0.0037,
2.0024,1.7136,0.0000,0.0000,0.0000,1.0000,0.0037,
1.9957,1.7136,0.0000,0.0000,0.0000,1.0000,0.0037,
1.9890,1.7137,0.0000,0.0000,0.0000,1.0000,0.0037,
1.9823,1.7137,0.0000,0.0000,0.0000,1.0000,0.0037,
1.9757,1.7138,0.0000,0.0000,0.0000,1.0000,0.0037,
1.9690,1.7138,0.0000,0.0000,0.0000,1.0000,0.0037,
1.9623,1.7139,0.0000,0.0000,0.0000,1.0000,0.0037,
1.9557,1.7139,0.0000,0.0000,0.0000,1.0000,0.0037,
1.9490,1.7140,0.0000,0.0000,0.0000,1.0000,0.0037,
1.9423,1.7140,0.0000,0.0000,0.0000,1.0000,0.0037,
1.9357,1.7141,0.0000,0.0000,0.0000,1.0000,0.0037,
1.9290,1.7141,0.0000,0.0000,0.0000,1.0000,0.0037,
1.9223,1.7142,0.0000,0.0000,0.0000,1.0000,0.0037,
1.9157,1.7142,0.0000,0.0000,0.0000,1.0000,0.0037,
1.9090,1.7143,0.0000,0.0000,0.0000,1.0000,0.0037,
1.9023,1.7143,0.0000,0.0000,0.0000,1.0000,0.0037,
1.8957,1.7144,0.0000,0.0000,0.0000,1.0000,0.0037,
1.8890,1.7144,0.0000,0.0000,0.0000,1.0000,0.0037,
1.8823,1.7145,0.0000,0.0000,0.0000,1.0000,0.0037,
1.8756,1.7145,0.0000,0.0000,0.0000,1.0000,0.0037,
1.8690,1.7146,0.0000,0.0000,0.0000,1.0000,0.0037,
1.8623,1.7146,0.0000,0.0000,0.0000,1.0000,0.0037,
1.8556,1.7147,0.0000,0.0000,0.0000,1.0000,0.0037,
1.8490,1.7147,0.0000,0.0000,0.0000,1.0000,0.0037,
1.8423,1.7148,0.0000,0.0000,0.0000,1.0000,0.0037,
1.8356,1.7148,0.0000,0.0000,0.0000,1.0000,0.0037,
1.8290,1.7149,0.0000,0.0000,0.0000,1.0000,0.0037,
1.8223,1.7149,0.0000,0.0000,0.0000,1.0000,0.0037,
1.8156,1.7150,0.0000,0.0000,0.0000,1.0000,0.0037,
1.8090,1.7150,0.0000,0.0000,0.0000,1.0000,0.0037,
1.8023,1.7151,0.0000,0.0000,0.0000,1.0000,0.0037,
1.7956,1.7151,0.0000,0.0000,0.0000,1.0000,0.0037,
1.7890,1.7152,0.0000,0.0000,0.0000,1.0000,0.0037,
1.7823,1.7152,0.0000,0.0000,0.0000,1.0000,0.0037,
1.7756,1.7153,0.0000,0.0000,0.0000,1.0000,0.0037,
1.7689,1.7153,0.0000,0.0000,0.0000,1.0000,0.0037,
1.7623,1.7154,0.0000,0.0000,0.0000,1.0000,0.0037,
1.7556,1.7154,0.0000,0.0000,0.0000,1.0000,0.0037,
1.7489,1.7155,0.0000,0.0000,0.0000,1.0000,0.0037,
1.7423,1.7155,0.0000,0.0000,0.0000,1.0000,0.0037,
1.7356,1.7156,0.0000,0.0000,0.0000,1.0000,0.0037,
1.7289,1.7156,0.0000,0.0000,0.0000,1.0000,0.0037,
1.7223,1.7157,0.0000,0.0000,0.0000,1.0000,0.0037,
1.7156,1.7157,0.0000,0.0000,0.0000,1.0000,0.0037,
1.7089,1.7157,0.0000,0.0000,0.0000,1.0000,0.0037,
1.7023,1.7158,0.0000,0.0000,0.0000,1.0000,0.0037,
1.6956,1.7158,0.0000,0.0000,0.0000,1.0000,0.0037,
1.6889,1.7159,0.0000,0.0000,0.0000,1.0000,0.0037,
1.6823,1.7159,0.0000,0.0000,0.0000,1.0000,0.0037,
1.6756,1.7160,0.0000,0.0000,0.0000,1.0000,0.0037,
1.6689,1.7160,0.0000,0.0000,0.0000,1.0000,0.0037,
1.6622,1.7161,0.0000,0.0000,0.0000,1.0000,0.0037,
1.6556,1.7161,0.0000,0.0000,0.0000,1.0000,0.0037,
1.6489,1.7162,0.0000,0.0000,0.0000,1.0000,0.0037,
1.6422,1.7162,0.0000,0.0000,0.0000,1.0000,0.0037,
1.6356,1.7163,0.0000,0.0000,0.0000,1.0000,0.0037,
1.6289,1.7163,0.0000,0.0000,0.0000,1.0000,0.0037,
1.6222,1.7164,0.0000,0.0000,0.0000,1.0000,0.0037,
1.6156,1.7164,0.0000,0.0000,0.0000,1.0000,0.0037,
1.6089,1.7165,0.0000,0.0000,0.0000,1.0000,0.0037,
1.6022,1.7165,0.0000,0.0000,0.0000,1.0000,0.0037,
1.5956,1.7166,0.0000,0.0000,0.0000,1.0000,0.0037,
1.5889,1.7166,0.0000,0.0000,0.0000,1.0000,0.0037,
1.5822,1.7167,0.0000,0.0000,0.0000,1.0000,0.0037,
1.5755,1.7167,0.0000,0.0000,0.0000,1.0000,0.0037,
1.5689,1.7168,0.0000,0.0000,0.0000,1.0000,0.0037,
1.5622,1.7168,0.0000,0.0000,0.0000,1.0000,0.0037,
1.5555,1.7169,0.0000,0.0000,0.0000,1.0000,0.0037,
1.5489,1.7169,0.0000,0.0000,0.0000,1.0000,0.0037,
1.5422,1.7170,0.0000,0.0000,0.0000,1.0000,0.0037,
1.5355,1.7170,0.0000,0.0000,0.0000,1.0000,0.0037,
1.5289,1.7171,0.0000,0.0000,0.0000,1.0000,0.0037,
1.5222,1.7171,0.0000,0.0000,0.0000,1.0000,0.0037,
1.5155,1.7172,0.0000,0.0000,0.0000,1.0000,0.0037,
1.5089,1.7172,0.0000,0.0000,0.0000,1.0000,0.0037,
1.5022,1.7173,0.0000,0.0000,0.0000,1.0000,0.0037,
1.4955,1.7173,0.0000,0.0000,0.0000,1.0000,0.0037,
1.4889,1.7174,0.0000,0.0000,0.0000,1.0000,0.0037,
1.4822,1.7174,0.0000,0.0000,0.0000,1.0000,0.0037,
1.4755,1.7175,0.0000,0.0000,0.0000,1.0000,0.0037,
1.4688,1.7175,0.0000,0.0000,0.0000,1.0000,0.0037,
1.4622,1.7176,0.0000,0.0000,0.0000,1.0000,0.0037,
1.4555,1.7176,0.0000,0.0000,0.0000,1.0000,0.0037,
1.4488,1.7177,0.0000,0.0000,0.0000,1.0000,0.0037,
1.4422,1.7177,0.0000,0.0000,0.0000,1.0000,0.0037,
1.4355,1.7178,0.0000,0.0000,0.0000,1.0000,0.0037,
1.4288,1.7178,0.0000,0.0000,0.0000,1.0000,0.0037,
1.4222,1.7179,0.0000,0.0000,0.0000,1.0000,0.0037,
1.4155,1.7179,0.0000,0.0000,0.0000,1.0000,0.0037,
1.4088,1.7180,0.0000,0.0000,0.0000,1.0000,0.0037,
1.4022,1.7180,0.0000,0.0000,0.0000,1.0000,0.0037,
1.3955,1.7181,0.0000,0.0000,0.0000,1.0000,0.0037,
1.3888,1.7181,0.0000,0.0000,0.0000,1.0000,0.0037,
1.3822,1.7182,0.0000,0.0000,0.0000,1.0000,0.0037,
1.3755,1.7182,0.0000,0.0000,0.0000,1.0000,0.0037,
1.3688,1.7183,0.0000,0.0000,0.0000,1.0000,0.0037,
1.3621,1.7183,0.0000,0.0000,0.0000,1.0000,0.0037,
1.3555,1.7184,0.0000,0.0000,0.0000,1.0000,0.0037,
1.3488,1.7184,0.0000,0.0000,0.0000,1.0000,0.0037,
1.3421,1.7185,0.0000,0.0000,0.0000,1.0000,0.0037,
1.3355,1.7185,0.0000,0.0000,0.0000,1.0000,0.0037,
1.3288,1.7185,0.0000,0.0000,0.0000,1.0000,0.0037,
1.3221,1.7186,0.0000,0.0000,0.0000,1.0000,0.0037,
1.3155,1.7186,0.0000,0.0000,0.0000,1.0000,0.0037,
1.3088,1.7187,0.0000,0.0000,0.0000,1.0000,0.0037,
1.3021,1.7187,0.0000,0.0000,0.0000,1.0000,0.0037,
1.2955,1.7188,0.0000,0.0000,0.0000,1.0000,0.0037,
1.2888,1.7188,0.0000,0.0000,0.0000,1.0000,0.0037,
1.2821,1.7189,0.0000,0.0000,0.0000,1.0000,0.0037,
1.2755,1.7189,0.0000,0.0000,0.0000,1.0000,0.0037,
1.2688,1.7190,0.0000,0.0000,0.0000,1.0000,0.0037,
1.2621,1.7190,0.0000,0.0000,0.0000,1.0000,0.0037,
1.2554,1.7191,0.0000,0.0000,0.0000,1.0000,0.0037,
1.2488,1.7191,0.0000,0.0000,0.0000,1.0000,0.0037,
1.2421,1.7192,0.0000,0.0000,0.0000,1.0000,0.0037,
1.2354,1.7192,0.0000,0.0000,0.0000,1.0000,0.0037,
1.2288,1.7193,0.0000,0.0000,0.0000,1.0000,0.0037,
1.2221,1.7193,0.0000,0.0000,0.0000,1.0000,0.0037,
1.2154,1.7194,0.0000,0.0000,0.0000,1.0000,0.0037,
1.2088,1.7194,0.0000,0.0000,0.0000,1.0000,0.0037,
1.2021,1.7195,0.0000,0.0000,0.0000,1.0000,0.0037,
1.1954,1.7195,0.0000,0.0000,0.0000,1.0000,0.0037,
1.1888,1.7196,0.0000,0.0000,0.0000,1.0000,0.0037,
1.1821,1.7196,0.0000,0.0000,0.0000,1.0000,0.0037,
1.1754,1.7197,0.0000,0.0000,0.0000,1.0000,0.0037,
1.1688,1.7197,0.0000,0.0000,0.0000,1.0000,0.0037,
1.1621,1.7198,0.0000,0.0000,0.0000,1.0000,0.0037,
1.1554,1.7198,0.0000,0.0000,0.0000,1.0000,0.0037,
1.1487,1.7199,0.0000,0.0000,0.0000,1.0000,0.0037,
1.1421,1.7199,0.0000,0.0000,0.0000,1.0000,0.0037,
1.1354,1.7200,0.0000,0.0000,0.0000,1.0000,0.0037,
1.1287,1.7200,0.0000,0.0000,0.0000,1.0000,0.0037,
1.1221,1.7201,0.0000,0.0000,0.0000,1.0000,0.0037,
1.1154,1.7201,0.0000,0.0000,0.0000,1.0000,0.0037,
1.1087,1.7202,0.0000,0.0000,0.0000,1.0000,0.0037,
1.1021,1.7202,0.0000,0.0000,0.0000,1.0000,0.0037,
1.0954,1.7203,0.0000,0.0000,0.0000,1.0000,0.0037,
1.0887,1.7203,0.0000,0.0000,0.0000,1.0000,0.0037,
1.0821,1.7204,0.0000,0.0000,0.0000,1.0000,0.0037,
1.0754,1.7204,0.0000,0.0000,0.0000,1.0000,0.0037,
1.0687,1.7205,0.0000,0.0000,0.0000,1.0000,0.0037,
1.0621,1.7205,0.0000,0.0000,0.0000,1.0000,0.0037,
1.0554,1.7206,0.0000,0.0000,0.0000,1.0000,0.0037,
1.0487,1.7206,0.0000,0.0000,0.0000,1.0000,0.0037,
1.0420,1.7207,0.0000,0.0000,0.0000,1.0000,0.0037,
1.0354,1.7207,0.0000,0.0000,0.0000,1.0000,0.0037,
1.0287,1.7208,0.0000,0.0000,0.0000,1.0000,0.0037,
1.0220,1.7208,0.0000,0.0000,0.0000,1.0000,0.0037,
1.0154,1.7209,0.0000,0.0000,0.0000,1.0000,0.0037,
1.0087,1.7209,0.0000,0.0000,0.0000,1.0000,0.0037,
1.0020,1.7210,0.0000,0.0000,0.0000,1.0000,0.0037,
0.9954,1.7210,0.0000,0.0000,0.0000,1.0000,0.0037,
0.9887,1.7211,0.0000,0.0000,0.0000,1.0000,0.0037,
0.9820,1.7211,0.0000,0.0000,0.0000,1.0000,0.0037,
0.9754,1.7212,0.0000,0.0000,0.0000,1.0000,0.0037,
0.9687,1.7212,0.0000,0.0000,0.0000,1.0000,0.0037,
0.9620,1.7212,0.0000,0.0000,0.0000,1.0000,0.0037,
0.9554,1.7213,0.0000,0.0000,0.0000,1.0000,0.0037,
0.9487,1.7213,0.0000,0.0000,0.0000,1.0000,0.0037,
0.9420,1.7214,0.0000,0.0000,0.0000,1.0000,0.0037,
0.9353,1.7214,0.0000,0.0000,0.0000,1.0000,0.0037,
0.9287,1.7215,0.0000,0.0000,0.0000,1.0000,0.0037,
0.9220,1.7215,0.0000,0.0000,0.0000,1.0000,0.0037,
0.9153,1.7216,0.0000,0.0000,0.0000,1.0000,0.0037,
0.9087,1.7216,0.0000,0.0000,0.0000,1.0000,0.0037,
0.9020,1.7217,0.0000,0.0000,0.0000,1.0000,0.0037,
0.8953,1.7217,0.0000,0.0000,0.0000,1.0000,0.0037,
0.8887,1.7218,0.0000,0.0000,0.0000,1.0000,0.0037,
0.8820,1.7218,0.0000,0.0000,0.0000,1.0000,0.0037,
0.8753,1.7219,0.0000,0.0000,0.0000,1.0000,0.0037,
0.8687,1.7219,0.0000,0.0000,0.0000,1.0000,0.0037,
0.8620,1.7220,0.0000,0.0000,0.0000,1.0000,0.0037,
0.8553,1.7220,0.0000,0.0000,0.0000,1.0000,0.0037,
0.8487,1.7221,0.0000,0.0000,0.0000,1.0000,0.0037,
0.8420,1.7221,0.0000,0.0000,0.0000,1.0000,0.0037,
0.8353,1.7222,0.0000,0.0000,0.0000,1.0000,0.0037,
0.8286,1.7222,0.0000,0.0000,0.0000,1.0000,0.0037,
0.8220,1.7223,0.0000,0.0000,0.0000,1.0000,0.0037,
0.8153,1.7223,0.0000,0.0000,0.0000,1.0000,0.0037,
0.8086,1.7224,0.0000,0.0000,0.0000,1.0000,0.0037,
0.8020,1.7224,0.0000,0.0000,0.0000,1.0000,0.0037,
0.7953,1.7225,0.0000,0.0000,0.0000,1.0000,0.0037,
0.7886,1.7225,0.0000,0.0000,0.0000,1.0000,0.0037,
0.7820,1.7226,0.0000,0.0000,0.0000,1.0000,0.0037,
0.7753,1.7226,0.0000,0.0000,0.0000,1.0000,0.0037,
0.7686,1.7227,0.0000,0.0000,0.0000,1.0000,0.0037,
0.7620,1.7227,0.0000,0.0000,0.0000,1.0000,0.0037,
0.7553,1.7228,0.0000,0.0000,0.0000,1.0000,0.0037,
0.7486,1.7228,0.0000,0.0000,0.0000,1.0000,0.0037,
0.7353,1.7229,0.0000,0.0000,0.0000,0.9988,0.0485,
0.7282,1.7236,0.0000,0.0000,0.0000,0.9988,0.0485,
0.7212,1.7243,0.0000,0.0000,0.0000,0.9988,0.0485,
0.7141,1.7250,0.0000,0.0000,0.0000,0.9988,0.0485,
0.7070,1.7257,0.0000,0.0000,0.0000,0.9988,0.0485,
0.7000,1.7264,0.0000,0.0000,0.0000,0.9988,0.0485,
0.6929,1.7270,0.0000,0.0000,0.0000,0.9988,0.0485,
0.6859,1.7277,0.0000,0.0000,0.0000,0.9988,0.0485,
0.6788,1.7284,0.0000,0.0000,0.0000,0.9988,0.0485,
0.6718,1.7291,0.0000,0.0000,0.0000,0.9988,0.0485,
0.6647,1.7298,0.0000,0.0000,0.0000,0.9988,0.0485,
0.6506,1.7312,0.0000,0.0000,0.0000,0.9832,0.1826,
0.6441,1.7336,0.0000,0.0000,0.0000,0.9832,0.1826,
0.6377,1.7361,0.0000,0.0000,0.0000,0.9832,0.1826,
0.6313,1.7386,0.0000,0.0000,0.0000,0.9832,0.1826,
0.6249,1.7410,0.0000,0.0000,0.0000,0.9832,0.1826,
0.6184,1.7435,0.0000,0.0000,0.0000,0.9832,0.1826,
0.6120,1.7460,0.0000,0.0000,0.0000,0.9832,0.1826,
0.6056,1.7485,0.0000,0.0000,0.0000,0.9832,0.1826,
0.5992,1.7509,0.0000,0.0000,0.0000,0.9832,0.1826,
0.5927,1.7534,0.0000,0.0000,0.0000,0.9832,0.1826,
0.5863,1.7559,0.0000,0.0000,0.0000,0.9832,0.1826,
0.5799,1.7584,0.0000,0.0000,0.0000,0.9832,0.1826,
0.5670,1.7633,0.0000,0.0000,0.0000,0.9376,0.3477,
0.5617,1.7679,0.0000,0.0000,0.0000,0.9376,0.3477,
0.5564,1.7725,0.0000,0.0000,0.0000,0.9376,0.3477,
0.5510,1.7771,0.0000,0.0000,0.0000,0.9376,0.3477,
0.5457,1.7816,0.0000,0.0000,0.0000,0.9376,0.3477,
0.5404,1.7862,0.0000,0.0000,0.0000,0.9376,0.3477,
0.5350,1.7908,0.0000,0.0000,0.0000,0.9376,0.3477,
0.5297,1.7954,0.0000,0.0000,0.0000,0.9376,0.3477,
0.5190,1.8046,0.0000,0.0000,0.0000,0.8786,0.4776,
0.5154,1.8102,0.0000,0.0000,0.0000,0.8786,0.4776,
0.5117,1.8158,0.0000,0.0000,0.0000,0.8786,0.4776,
0.5081,1.8215,0.0000,0.0000,0.0000,0.8786,0.4776,
0.5044,1.8271,0.0000,0.0000,0.0000,0.8786,0.4776,
0.5008,1.8327,0.0000,0.0000,0.0000,0.8786,0.4776,
0.4971,1.8384,0.0000,0.0000,0.0000,0.8786,0.4776,
0.4935,1.8440,0.0000,0.0000,0.0000,0.8786,0.4776,
0.4898,1.8496,0.0000,0.0000,0.0000,0.8786,0.4776,
0.4862,1.8553,0.0000,0.0000,0.0000,0.8786,0.4776,
0.4825,1.8609,0.0000,0.0000,0.0000,0.8786,0.4776,
0.4789,1.8666,0.0000,0.0000,0.0000,0.8786,0.4776,
0.4752,1.8722,0.0000,0.0000,0.0000,0.8786,0.4776,
0.4716,1.8778,0.0000,0.0000,0.0000,0.8786,0.4776,
0.4679,1.8835,0.0000,0.0000,0.0000,0.8786,0.4776,
0.4643,1.8891,0.0000,0.0000,0.0000,0.8786,0.4776,
0.4606,1.8947,0.0000,0.0000,0.0000,0.8786,0.4776,
0.4570,1.9004,0.0000,0.0000,0.0000,0.8786,0.4776,
0.4533,1.9060,0.0000,0.0000,0.0000,0.8786,0.4776,
0.4497,1.9116,0.0000,0.0000,0.0000,0.8786,0.4776,
0.4460,1.9173,0.0000,0.0000,0.0000,0.8786,0.4776,
0.4387,1.9285,0.0000,0.0000,0.0000,0.7708,0.6371,
0.4374,1.9351,0.0000,0.0000,0.0000,0.7708,0.6371,
0.4362,1.9418,0.0000,0.0000,0.0000,0.7708,0.6371,
0.4349,1.9484,0.0000,0.0000,0.0000,0.7708,0.6371,
0.4336,1.9550,0.0000,0.0000,0.0000,0.7708,0.6371,
0.4324,1.9616,0.0000,0.0000,0.0000,0.7708,0.6371,
0.4311,1.9682,0.0000,0.0000,0.0000,0.7708,0.6371,
0.4298,1.9748,0.0000,0.0000,0.0000,0.7708,0.6371,
0.4286,1.9814,0.0000,0.0000,0.0000,0.7708,0.6371,
0.4273,1.9880,0.0000,0.0000,0.0000,0.7708,0.6371,
0.4260,1.9947,0.0000,0.0000,0.0000,0.7708,0.6371,
0.4248,2.0013,0.0000,0.0000,0.0000,0.7708,0.6371,
0.4235,2.0079,0.0000,0.0000,0.0000,0.7708,0.6371,
0.4222,2.0145,0.0000,0.0000,0.0000,0.7708,0.6371,
0.4210,2.0211,0.0000,0.0000,0.0000,0.7708,0.6371,
0.4197,2.0277,0.0000,0.0000,0.0000,0.7708,0.6371,
0.4184,2.0343,0.0000,0.0000,0.0000,0.7708,0.6371,
0.4172,2.0410,0.0000,0.0000,0.0000,0.7708,0.6371,
0.4159,2.0476,0.0000,0.0000,0.0000,0.7708,0.6371,
0.4146,2.0542,0.0000,0.0000,0.0000,0.7708,0.6371,
0.4121,2.0674,0.0000,0.0000,0.0000,0.7099,0.7043,
0.4120,2.0742,0.0000,0.0000,0.0000,0.7099,0.7043,
0.4120,2.0809,0.0000,0.0000,0.0000,0.7099,0.7043,
0.4119,2.0877,0.0000,0.0000,0.0000,0.7099,0.7043,
0.4119,2.0944,0.0000,0.0000,0.0000,0.7099,0.7043,
0.4118,2.1012,0.0000,0.0000,0.0000,0.7099,0.7043,
0.4118,2.1079,0.0000,0.0000,0.0000,0.7099,0.7043,
0.4117,2.1147,0.0000,0.0000,0.0000,0.7099,0.7043,
0.4117,2.1214,0.0000,0.0000,0.0000,0.7099,0.7043,
0.4116,2.1282,0.0000,0.0000,0.0000,0.7099,0.7043,
0.4116,2.1349,0.0000,0.0000,0.0000,0.7099,0.7043,
0.4115,2.1417,0.0000,0.0000,0.0000,0.7099,0.7043,
0.4115,2.1484,0.0000,0.0000,0.0000,0.7099,0.7043,
0.4114,2.1552,0.0000,0.0000,0.0000,0.7099,0.7043,
0.4114,2.1619,0.0000,0.0000,0.0000,0.7099,0.7043,
0.4113,2.1687,0.0000,0.0000,0.0000,0.7099,0.7043,
0.4112,2.1754,0.0000,0.0000,0.0000,0.7099,0.7043,
