2.3066,2.7583,0.0000,0.0000,0.0000,-0.0324,0.9995,
2.3133,2.7579,0.0000,0.0000,0.0000,-0.0324,0.9995,
2.3200,2.7574,0.0000,0.0000,0.0000,-0.0324,0.9995,
2.3267,2.7570,0.0000,0.0000,0.0000,-0.0324,0.9995,
2.3335,2.7565,0.0000,0.0000,0.0000,-0.0324,0.9995,
2.3402,2.7561,0.0000,0.0000,0.0000,-0.0324,0.9995,
2.3469,2.7557,0.0000,0.0000,0.0000,-0.0324,0.9995,
2.3536,2.7552,0.0000,0.0000,0.0000,-0.0324,0.9995,
2.3603,2.7548,0.0000,0.0000,0.0000,-0.0324,0.9995,
2.3670,2.7544,0.0000,0.0000,0.0000,-0.0324,0.9995,
2.3737,2.7539,0.0000,0.0000,0.0000,-0.0324,0.9995,
2.3804,2.7535,0.0000,0.0000,0.0000,-0.0324,0.9995,
2.3872,2.7531,0.0000,0.0000,0.0000,-0.0324,0.9995,
2.3939,2.7526,0.0000,0.0000,0.0000,-0.0324,0.9995,
2.4006,2.7522,0.0000,0.0000,0.0000,-0.0324,0.9995,
2.4073,2.7517,0.0000,0.0000,0.0000,-0.0324,0.9995,
2.4140,2.7513,0.0000,0.0000,0.0000,-0.0324,0.9995,
2.4207,2.7509,0.0000,0.0000,0.0000,-0.0324,0.9995,
2.4274,2.7504,0.0000,0.0000,0.0000,-0.0324,0.9995,
2.4341,2.7500,0.0000,0.0000,0.0000,-0.0324,0.9995,
2.4409,2.7496,0.0000,0.0000,0.0000,-0.0324,0.9995,
2.4476,2.7491,0.0000,0.0000,0.0000,-0.0324,0.9995,
2.4543,2.7487,0.0000,0.0000,0.0000,-0.0324,0.9995,
2.4610,2.7483,0.0000,0.0000,0.0000,-0.0324,0.9995,
2.4677,2.7478,0.0000,0.0000,0.0000,-0.0324,0.9995,
2.4744,2.7474,0.0000,0.0000,0.0000,-0.0324,0.9995,
2.4811,2.7469,0.0000,0.0000,0.0000,-0.0324,0.9995,
2.4878,2.7465,0.0000,0.0000,0.0000,-0.0324,0.9995,
2.5013,2.7456,0.0000,0.0000,0.0000,-0.0906,0.9959,
2.5081,2.7444,0.0000,0.0000,0.0000,-0.0906,0.9959,
2.5150,2.7431,0.0000,0.0000,0.0000,-0.0906,0.9959,
2.5218,2.7419,0.0000,0.0000,0.0000,-0.0906,0.9959,
2.5287,2.7406,0.0000,0.0000,0.0000,-0.0906,0.9959,
2.5355,2.7394,0.0000,0.0000,0.0000,-0.0906,0.9959,
2.5424,2.7381,0.0000,0.0000,0.0000,-0.0906,0.9959,
2.5492,2.7368,0.0000,0.0000,0.0000,-0.0906,0.9959,
2.5561,2.7356,0.0000,0.0000,0.0000,-0.0906,0.9959,
2.5629,2.7343,0.0000,0.0000,0.0000,-0.0906,0.9959,
2.5698,2.7331,0.0000,0.0000,0.0000,-0.0906,0.9959,
2.5766,2.7318,0.0000,0.0000,0.0000,-0.0906,0.9959,
2.5903,2.7293,0.0000,0.0000,0.0000,-0.2873,0.9578,
2.5963,2.7254,0.0000,0.0000,0.0000,-0.2873,0.9578,
2.6023,2.7214,0.0000,0.0000,0.0000,-0.2873,0.9578,
2.6082,2.7175,0.0000,0.0000,0.0000,-0.2873,0.9578,
2.6142,2.7136,0.0000,0.0000,0.0000,-0.2873,0.9578,
2.6202,2.7096,0.0000,0.0000,0.0000,-0.2873,0.9578,
2.6321,2.7018,0.0000,0.0000,0.0000,-0.4392,0.8984,
2.6364,2.6963,0.0000,0.0000,0.0000,-0.4392,0.8984,
2.6406,2.6908,0.0000,0.0000,0.0000,-0.4392,0.8984,
2.6449,2.6853,0.0000,0.0000,0.0000,-0.4392,0.8984,
2.6492,2.6798,0.0000,0.0000,0.0000,-0.4392,0.8984,
2.6534,2.6744,0.0000,0.0000,0.0000,-0.4392,0.8984,
2.6577,2.6689,0.0000,0.0000,0.0000,-0.4392,0.8984,
2.6620,2.6634,0.0000,0.0000,0.0000,-0.4392,0.8984,
2.6662,2.6579,0.0000,0.0000,0.0000,-0.4392,0.8984,
2.6748,2.6470,0.0000,0.0000,0.0000,-0.5340,0.8455,
2.6778,2.6406,0.0000,0.0000,0.0000,-0.5340,0.8455,
2.6808,2.6343,0.0000,0.0000,0.0000,-0.5340,0.8455,
2.6838,2.6280,0.0000,0.0000,0.0000,-0.5340,0.8455,
2.6868,2.6217,0.0000,0.0000,0.0000,-0.5340,0.8455,
2.6898,2.6154,0.0000,0.0000,0.0000,-0.5340,0.8455,
2.6928,2.6091,0.0000,0.0000,0.0000,-0.5340,0.8455,
2.6958,2.6028,0.0000,0.0000,0.0000,-0.5340,0.8455,
2.6988,2.5965,0.0000,0.0000,0.0000,-0.5340,0.8455,
2.7018,2.5902,0.0000,0.0000,0.0000,-0.5340,0.8455,
2.7078,2.5776,0.0000,0.0000,0.0000,-0.6433,0.7656,
2.7089,2.5710,0.0000,0.0000,0.0000,-0.6433,0.7656,
2.7101,2.5644,0.0000,0.0000,0.0000,-0.6433,0.7656,
2.7112,2.5578,0.0000,0.0000,0.0000,-0.6433,0.7656,
2.7124,2.5512,0.0000,0.0000,0.0000,-0.6433,0.7656,
2.7135,2.5446,0.0000,0.0000,0.0000,-0.6433,0.7656,
2.7147,2.5380,0.0000,0.0000,0.0000,-0.6433,0.7656,
2.7158,2.5314,0.0000,0.0000,0.0000,-0.6433,0.7656,
2.7170,2.5248,0.0000,0.0000,0.0000,-0.6433,0.7656,
2.7181,2.5182,0.0000,0.0000,0.0000,-0.6433,0.7656,
2.7193,2.5116,0.0000,0.0000,0.0000,-0.6433,0.7656,
2.7205,2.5050,0.0000,0.0000,0.0000,-0.6433,0.7656,
2.7216,2.4984,0.0000,0.0000,0.0000,-0.6433,0.7656,
2.7228,2.4918,0.0000,0.0000,0.0000,-0.6433,0.7656,
2.7239,2.4852,0.0000,0.0000,0.0000,-0.6433,0.7656,
2.7262,2.4721,0.0000,0.0000,0.0000,-0.7017,0.7124,
2.7263,2.4654,0.0000,0.0000,0.0000,-0.7017,0.7124,
2.7264,2.4587,0.0000,0.0000,0.0000,-0.7017,0.7124,
2.7265,2.4520,0.0000,0.0000,0.0000,-0.7017,0.7124,
2.7266,2.4453,0.0000,0.0000,0.0000,-0.7017,0.7124,
2.7267,2.4386,0.0000,0.0000,0.0000,-0.7017,0.7124,
2.7268,2.4319,0.0000,0.0000,0.0000,-0.7017,0.7124,
2.7269,2.4252,0.0000,0.0000,0.0000,-0.7017,0.7124,
2.7270,2.4185,0.0000,0.0000,0.0000,-0.7017,0.7124,
2.7271,2.4118,0.0000,0.0000,0.0000,-0.7017,0.7124,
2.7272,2.4051,0.0000,0.0000,0.0000,-0.7017,0.7124,
2.7273,2.3984,0.0000,0.0000,0.0000,-0.7017,0.7124,
2.7274,2.3917,0.0000,0.0000,0.0000,-0.7017,0.7124,
2.7275,2.3850,0.0000,0.0000,0.0000,-0.7017,0.7124,
2.7276,2.3783,0.0000,0.0000,0.0000,-0.7017,0.7124,
2.7278,2.3716,0.0000,0.0000,0.0000,-0.7017,0.7124,
2.7279,2.3649,0.0000,0.0000,0.0000,-0.7017,0.7124,
2.7280,2.3582,0.0000,0.0000,0.0000,-0.7017,0.7124,
2.7281,2.3515,0.0000,0.0000,0.0000,-0.7017,0.7124,
2.7282,2.3448,0.0000,0.0000,0.0000,-0.7017,0.7124,
2.7283,2.3381,0.0000,0.0000,0.0000,-0.7017,0.7124,
2.7284,2.3314,0.0000,0.0000,0.0000,-0.7017,0.7124,
2.7285,2.3247,0.0000,0.0000,0.0000,-0.7017,0.7124,
2.7286,2.3180,0.0000,0.0000,0.0000,-0.7017,0.7124,
2.7287,2.3113,0.0000,0.0000,0.0000,-0.7017,0.7124,
2.7288,2.3046,0.0000,0.0000,0.0000,-0.7017,0.7124,
2.7289,2.2979,0.0000,0.0000,0.0000,-0.7017,0.7124,
2.7290,2.2912,0.0000,0.0000,0.0000,-0.7017,0.7124,
2.7291,2.2845,0.0000,0.0000,0.0000,-0.7017,0.7124,
2.7292,2.2778,0.0000,0.0000,0.0000,-0.7017,0.7124,
2.7293,2.2711,0.0000,0.0000,0.0000,-0.7017,0.7124,
2.7294,2.2644,0.0000,0.0000,0.0000,-0.7017,0.7124,
2.7295,2.2577,0.0000,0.0000,0.0000,-0.7017,0.7124,
2.7296,2.2510,0.0000,0.0000,0.0000,-0.7017,0.7124,
2.7297,2.2444,0.0000,0.0000,0.0000,-0.7017,0.7124,
2.7298,2.2377,0.0000,0.0000,0.0000,-0.7017,0.7124,
2.7299,2.2310,0.0000,0.0000,0.0000,-0.7017,0.7124,
2.7300,2.2243,0.0000,0.0000,0.0000,-0.7017,0.7124,
2.7301,2.2176,0.0000,0.0000,0.0000,-0.7017,0.7124,
2.7302,2.2109,0.0000,0.0000,0.0000,-0.7017,0.7124,
2.7303,2.2042,0.0000,0.0000,0.0000,-0.7017,0.7124,
2.7304,2.1975,0.0000,0.0000,0.0000,-0.7017,0.7124,
2.7305,2.1908,0.0000,0.0000,0.0000,-0.7017,0.7124,
2.7306,2.1841,0.0000,0.0000,0.0000,-0.7017,0.7124,
2.7307,2.1774,0.0000,0.0000,0.0000,-0.7017,0.7124,
2.7308,2.1707,0.0000,0.0000,0.0000,-0.7017,0.7124,
2.7309,2.1640,0.0000,0.0000,0.0000,-0.7017,0.7124,
2.7310,2.1573,0.0000,0.0000,0.0000,-0.7017,0.7124,
2.7311,2.1506,0.0000,0.0000,0.0000,-0.7017,0.7124,
2.7312,2.1439,0.0000,0.0000,0.0000,-0.7017,0.7124,
2.7313,2.1372,0.0000,0.0000,0.0000,-0.7017,0.7124,
2.7314,2.1305,0.0000,0.0000,0.0000,-0.7017,0.7124,
2.7315,2.1238,0.0000,0.0000,0.0000,-0.7017,0.7124,
2.7316,2.1171,0.0000,0.0000,0.0000,-0.7017,0.7124,
