2.7318,2.1037,0.0000,0.0000,0.0000,-0.7071,0.7071,
2.7318,2.0970,0.0000,0.0000,0.0000,-0.7071,0.7071,
2.7318,2.0903,0.0000,0.0000,0.0000,-0.7071,0.7071,
2.7318,2.0836,0.0000,0.0000,0.0000,-0.7071,0.7071,
2.7318,2.0769,0.0000,0.0000,0.0000,-0.7071,0.7071,
2.7318,2.0702,0.0000,0.0000,0.0000,-0.7071,0.7071,
2.7318,2.0635,0.0000,0.0000,0.0000,-0.7071,0.7071,
2.7318,2.0568,0.0000,0.0000,0.0000,-0.7071,0.7071,
2.7318,2.0501,0.0000,0.0000,0.0000,-0.7071,0.7071,
2.7318,2.0434,0.0000,0.0000,0.0000,-0.7071,0.7071,
2.7318,2.0367,0.0000,0.0000,0.0000,-0.7071,0.7071,
2.7318,2.0300,0.0000,0.0000,0.0000,-0.7071,0.7071,
2.7318,2.0233,0.0000,0.0000,0.0000,-0.7071,0.7071,
2.7318,2.0166,0.0000,0.0000,0.0000,-0.7071,0.7071,
2.7318,2.0099,0.0000,0.0000,0.0000,-0.7071,0.7071,
2.7318,2.0032,0.0000,0.0000,0.0000,-0.7071,0.7071,
2.7318,1.9965,0.0000,0.0000,0.0000,-0.7071,0.7071,
2.7318,1.9898,0.0000,0.0000,0.0000,-0.7071,0.7071,
2.7318,1.9831,0.0000,0.0000,0.0000,-0.7071,0.7071,
2.7318,1.9764,0.0000,0.0000,0.0000,-0.7071,0.7071,
2.7318,1.9697,0.0000,0.0000,0.0000,-0.7071,0.7071,
2.7318,1.9630,0.0000,0.0000,0.0000,-0.7071,0.7071,
2.7318,1.9563,0.0000,0.0000,0.0000,-0.7071,0.7071,
2.7318,1.9496,0.0000,0.0000,0.0000,-0.7071,0.7071,
2.7318,1.9429,0.0000,0.0000,0.0000,-0.7071,0.7071,
2.7318,1.9362,0.0000,0.0000,0.0000,-0.7071,0.7071,
2.7318,1.9295,0.0000,0.0000,0.0000,-0.7071,0.7071,
2.7318,1.9228,0.0000,0.0000,0.0000,-0.7071,0.7071,
2.7318,1.9161,0.0000,0.0000,0.0000,-0.7071,0.7071,
2.7318,1.9094,0.0000,0.0000,0.0000,-0.7071,0.7071,
2.7318,1.9027,0.0000,0.0000,0.0000,-0.7071,0.7071,
2.7318,1.8960,0.0000,0.0000,0.0000,-0.7071,0.7071,
2.7318,1.8893,0.0000,0.0000,0.0000,-0.7071,0.7071,
2.7318,1.8826,0.0000,0.0000,0.0000,-0.7071,0.7071,
2.7318,1.8759,0.0000,0.0000,0.0000,-0.7071,0.7071,
2.7318,1.8692,0.0000,0.0000,0.0000,-0.7071,0.7071,
2.7318,1.8625,0.0000,0.0000,0.0000,-0.7071,0.7071,
2.7318,1.8558,0.0000,0.0000,0.0000,-0.7071,0.7071,
2.7318,1.8491,0.0000,0.0000,0.0000,-0.7071,0.7071,
2.7318,1.8424,0.0000,0.0000,0.0000,-0.7071,0.7071,
2.7318,1.8357,0.0000,0.0000,0.0000,-0.7071,0.7071,
2.7318,1.8290,0.0000,0.0000,0.0000,-0.7071,0.7071,
2.7318,1.8223,0.0000,0.0000,0.0000,-0.7071,0.7071,
2.7318,1.8156,0.0000,0.0000,0.0000,-0.7071,0.7071,
2.7318,1.8089,0.0000,0.0000,0.0000,-0.7071,0.7071,
2.7318,1.8022,0.0000,0.0000,0.0000,-0.7071,0.7071,
2.7318,1.7955,0.0000,0.0000,0.0000,-0.7071,0.7071,
2.7318,1.7888,0.0000,0.0000,0.0000,-0.7071,0.7071,
2.7318,1.7821,0.0000,0.0000,0.0000,-0.7071,0.7071,
2.7318,1.7754,0.0000,0.0000,0.0000,-0.7071,0.7071,
2.7318,1.7687,0.0000,0.0000,0.0000,-0.7071,0.7071,
2.7318,1.7620,0.0000,0.0000,0.0000,-0.7071,0.7071,
2.7318,1.7553,0.0000,0.0000,0.0000,-0.7071,0.7071,
2.7318,1.7486,0.0000,0.0000,0.0000,-0.7071,0.7071,
2.7318,1.7419,0.0000,0.0000,0.0000,-0.7071,0.7071,
2.7318,1.7352,0.0000,0.0000,0.0000,-0.7071,0.7071,
2.7318,1.7285,0.0000,0.0000,0.0000,-0.7071,0.7071,
2.7318,1.7218,0.0000,0.0000,0.0000,-0.7071,0.7071,
2.7318,1.7151,0.0000,0.0000,0.0000,-0.7071,0.7071,
2.7318,1.7084,0.0000,0.0000,0.0000,-0.7071,0.7071,
2.7318,1.7017,0.0000,0.0000,0.0000,-0.7071,0.7071,
2.7318,1.6950,0.0000,0.0000,0.0000,-0.7071,0.7071,
2.7318,1.6883,0.0000,0.0000,0.0000,-0.7071,0.7071,
2.7318,1.6816,0.0000,0.0000,0.0000,-0.7071,0.7071,
2.7318,1.6749,0.0000,0.0000,0.0000,-0.7071,0.7071,
2.7318,1.6682,0.0000,0.0000,0.0000,-0.7071,0.7071,
2.7318,1.6615,0.0000,0.0000,0.0000,-0.7071,0.7071,
2.7318,1.6548,0.0000,0.0000,0.0000,-0.7071,0.7071,
2.7318,1.6481,0.0000,0.0000,0.0000,-0.7071,0.7071,
2.7318,1.6414,0.0000,0.0000,0.0000,-0.7071,0.7071,
2.7318,1.6346,0.0000,0.0000,0.0000,-0.7071,0.7071,
2.7318,1.6279,0.0000,0.0000,0.0000,-0.7071,0.7071,
2.7318,1.6212,0.0000,0.0000,0.0000,-0.7071,0.7071,
2.7318,1.6145,0.0000,0.0000,0.0000,-0.7071,0.7071,
2.7318,1.6078,0.0000,0.0000,0.0000,-0.7071,0.7071,
2.7318,1.6011,0.0000,0.0000,0.0000,-0.7071,0.7071,
2.7318,1.5944,0.0000,0.0000,0.0000,-0.7071,0.7071,
2.7318,1.5877,0.0000,0.0000,0.0000,-0.7071,0.7071,
2.7318,1.5810,0.0000,0.0000,0.0000,-0.7071,0.7071,
2.7318,1.5743,0.0000,0.0000,0.0000,-0.7071,0.7071,
2.7318,1.5676,0.0000,0.0000,0.0000,-0.7071,0.7071,
2.7318,1.5609,0.0000,0.0000,0.0000,-0.7071,0.7071,
2.7318,1.5542,0.0000,0.0000,0.0000,-0.7071,0.7071,
2.7318,1.5475,0.0000,0.0000,0.0000,-0.7071,0.7071,
2.7318,1.5408,0.0000,0.0000,0.0000,-0.7071,0.7071,
2.7318,1.5341,0.0000,0.0000,0.0000,-0.7071,0.7071,
2.7318,1.5274,0.0000,0.0000,0.0000,-0.7071,0.7071,
2.7318,1.5207,0.0000,0.0000,0.0000,-0.7071,0.7071,
2.7318,1.5140,0.0000,0.0000,0.0000,-0.7071,0.7071,
2.7318,1.5073,0.0000,0.0000,0.0000,-0.7071,0.7071,
2.7318,1.5006,0.0000,0.0000,0.0000,-0.7071,0.7071,
2.7318,1.4939,0.0000,0.0000,0.0000,-0.7071,0.7071,
2.7318,1.4872,0.0000,0.0000,0.0000,-0.7071,0.7071,
2.7318,1.4805,0.0000,0.0000,0.0000,-0.7071,0.7071,
2.7318,1.4738,0.0000,0.0000,0.0000,-0.7071,0.7071,
2.7318,1.4671,0.0000,0.0000,0.0000,-0.7071,0.7071,
2.7318,1.4604,0.0000,0.0000,0.0000,-0.7071,0.7071,
2.7318,1.4537,0.0000,0.0000,0.0000,-0.7071,0.7071,
2.7318,1.4470,0.0000,0.0000,0.0000,-0.7071,0.7071,
2.7318,1.4403,0.0000,0.0000,0.0000,-0.7071,0.7071,
2.7318,1.4336,0.0000,0.0000,0.0000,-0.7071,0.7071,
2.7318,1.4269,0.0000,0.0000,0.0000,-0.7071,0.7071,
2.7318,1.4202,0.0000,0.0000,0.0000,-0.7071,0.7071,
2.7318,1.4135,0.0000,0.0000,0.0000,-0.7071,0.7071,
2.7318,1.4068,0.0000,0.0000,0.0000,-0.7071,0.7071,
2.7318,1.4001,0.0000,0.0000,0.0000,-0.7071,0.7071,
2.7318,1.3934,0.0000,0.0000,0.0000,-0.7071,0.7071,
2.7318,1.3867,0.0000,0.0000,0.0000,-0.7071,0.7071,
2.7318,1.3800,0.0000,0.0000,0.0000,-0.7071,0.7071,
2.7318,1.3733,0.0000,0.0000,0.0000,-0.7071,0.7071,
2.7318,1.3666,0.0000,0.0000,0.0000,-0.7071,0.7071,
2.7318,1.3599,0.0000,0.0000,0.0000,-0.7071,0.7071,
2.7318,1.3532,0.0000,0.0000,0.0000,-0.7071,0.7071,
2.7318,1.3465,0.0000,0.0000,0.0000,-0.7071,0.7071,
2.7318,1.3398,0.0000,0.0000,0.0000,-0.7071,0.7071,
2.7318,1.3331,0.0000,0.0000,0.0000,-0.7071,0.7071,
2.7318,1.3264,0.0000,0.0000,0.0000,-0.7071,0.7071,
2.7318,1.3197,0.0000,0.0000,0.0000,-0.7071,0.7071,
2.7318,1.3130,0.0000,0.0000,0.0000,-0.7071,0.7071,
2.7318,1.3063,0.0000,0.0000,0.0000,-0.7071,0.7071,
2.7318,1.2996,0.0000,0.0000,0.0000,-0.7071,0.7071,
2.7318,1.2929,0.0000,0.0000,0.0000,-0.7071,0.7071,
2.7318,1.2862,0.0000,0.0000,0.0000,-0.7071,0.7071,
2.7318,1.2795,0.0000,0.0000,0.0000,-0.7071,0.7071,
2.7318,1.2728,0.0000,0.0000,0.0000,-0.7071,0.7071,
2.7318,1.2661,0.0000,0.0000,0.0000,-0.7071,0.7071,
2.7318,1.2594,0.0000,0.0000,0.0000,-0.7071,0.7071,
2.7318,1.2527,0.0000,0.0000,0.0000,-0.7071,0.7071,
2.7318,1.2460,0.0000,0.0000,0.0000,-0.7071,0.7071,
2.7318,1.2393,0.0000,0.0000,0.0000,-0.7071,0.7071,
2.7318,1.2326,0.0000,0.0000,0.0000,-0.7071,0.7071,
2.7318,1.2259,0.0000,0.0000,0.0000,-0.7071,0.7071,
2.7318,1.2192,0.0000,0.0000,0.0000,-0.7071,0.7071,
2.7318,1.2125,0.0000,0.0000,0.0000,-0.7071,0.7071,
2.7318,1.2058,0.0000,0.0000,0.0000,-0.7071,0.7071,
2.7318,1.1991,0.0000,0.0000,0.0000,-0.7071,0.7071,
2.7318,1.1924,0.0000,0.0000,0.0000,-0.7071,0.7071,
2.7318,1.1857,0.0000,0.0000,0.0000,-0.7071,0.7071,
2.7318,1.1790,0.0000,0.0000,0.0000,-0.7071,0.7071,
2.7318,1.1723,0.0000,0.0000,0.0000,-0.7071,0.7071,
2.7318,1.1656,0.0000,0.0000,0.0000,-0.7071,0.7071,
2.7318,1.1589,0.0000,0.0000,0.0000,-0.7071,0.7071,
2.7318,1.1522,0.0000,0.0000,0.0000,-0.7071,0.7071,
2.7318,1.1455,0.0000,0.0000,0.0000,-0.7071,0.7071,
2.7318,1.1388,0.0000,0.0000,0.0000,-0.7071,0.7071,
2.7318,1.1321,0.0000,0.0000,0.0000,-0.7071,0.7071,
2.7318,1.1254,0.0000,0.0000,0.0000,-0.7071,0.7071,
2.7318,1.1187,0.0000,0.0000,0.0000,-0.7071,0.7071,
2.7318,1.1120,0.0000,0.0000,0.0000,-0.7071,0.7071,
2.7318,1.1053,0.0000,0.0000,0.0000,-0.7071,0.7071,
2.7318,1.0986,0.0000,0.0000,0.0000,-0.7071,0.7071,
2.7318,1.0919,0.0000,0.0000,0.0000,-0.7071,0.7071,
2.7318,1.0852,0.0000,0.0000,0.0000,-0.7071,0.7071,
2.7318,1.0785,0.0000,0.0000,0.0000,-0.7071,0.7071,
2.7318,1.0718,0.0000,0.0000,0.0000,-0.7071,0.7071,
2.7318,1.0651,0.0000,0.0000,0.0000,-0.7071,0.7071,
2.7318,1.0584,0.0000,0.0000,0.0000,-0.7071,0.7071,
2.7318,1.0517,0.0000,0.0000,0.0000,-0.7071,0.7071,
2.7318,1.0450,0.0000,0.0000,0.0000,-0.7071,0.7071,
2.7318,1.0383,0.0000,0.0000,0.0000,-0.7071,0.7071,
