3.4727,0.4009,0.0000,0.0000,0.0000,0.9997,0.0235,
3.4660,0.4012,0.0000,0.0000,0.0000,0.9997,0.0235,
3.4593,0.4016,0.0000,0.0000,0.0000,0.9997,0.0235,
3.4527,0.4019,0.0000,0.0000,0.0000,0.9997,0.0235,
3.4460,0.4022,0.0000,0.0000,0.0000,0.9997,0.0235,
3.4393,0.4025,0.0000,0.0000,0.0000,0.9997,0.0235,
3.4326,0.4028,0.0000,0.0000,0.0000,0.9997,0.0235,
3.4260,0.4031,0.0000,0.0000,0.0000,0.9997,0.0235,
3.4193,0.4034,0.0000,0.0000,0.0000,0.9997,0.0235,
3.4126,0.4038,0.0000,0.0000,0.0000,0.9997,0.0235,
3.4060,0.4041,0.0000,0.0000,0.0000,0.9997,0.0235,
3.3993,0.4044,0.0000,0.0000,0.0000,0.9997,0.0235,
3.3926,0.4047,0.0000,0.0000,0.0000,0.9997,0.0235,
3.3859,0.4050,0.0000,0.0000,0.0000,0.9997,0.0235,
3.3793,0.4053,0.0000,0.0000,0.0000,0.9997,0.0235,
3.3726,0.4056,0.0000,0.0000,0.0000,0.9997,0.0235,
3.3659,0.4060,0.0000,0.0000,0.0000,0.9997,0.0235,
3.3593,0.4063,0.0000,0.0000,0.0000,0.9997,0.0235,
3.3526,0.4066,0.0000,0.0000,0.0000,0.9997,0.0235,
3.3459,0.4069,0.0000,0.0000,0.0000,0.9997,0.0235,
3.3392,0.4072,0.0000,0.0000,0.0000,0.9997,0.0235,
3.3326,0.4075,0.0000,0.0000,0.0000,0.9997,0.0235,
3.3259,0.4078,0.0000,0.0000,0.0000,0.9997,0.0235,
3.3192,0.4082,0.0000,0.0000,0.0000,0.9997,0.0235,
3.3125,0.4085,0.0000,0.0000,0.0000,0.9997,0.0235,
3.3059,0.4088,0.0000,0.0000,0.0000,0.9997,0.0235,
3.2992,0.4091,0.0000,0.0000,0.0000,0.9997,0.0235,
3.2925,0.4094,0.0000,0.0000,0.0000,0.9997,0.0235,
3.2859,0.4097,0.0000,0.0000,0.0000,0.9997,0.0235,
3.2792,0.4100,0.0000,0.0000,0.0000,0.9997,0.0235,
3.2725,0.4104,0.0000,0.0000,0.0000,0.9997,0.0235,
3.2658,0.4107,0.0000,0.0000,0.0000,0.9997,0.0235,
3.2592,0.4110,0.0000,0.0000,0.0000,0.9997,0.0235,
3.2458,0.4116,0.0000,0.0000,0.0000,0.9932,0.1164,
3.2389,0.4133,0.0000,0.0000,0.0000,0.9932,0.1164,
3.2320,0.4149,0.0000,0.0000,0.0000,0.9932,0.1164,
3.2252,0.4165,0.0000,0.0000,0.0000,0.9932,0.1164,
3.2183,0.4182,0.0000,0.0000,0.0000,0.9932,0.1164,
3.2114,0.4198,0.0000,0.0000,0.0000,0.9932,0.1164,
3.2045,0.4214,0.0000,0.0000,0.0000,0.9932,0.1164,
3.1976,0.4231,0.0000,0.0000,0.0000,0.9932,0.1164,
3.1907,0.4247,0.0000,0.0000,0.0000,0.9932,0.1164,
3.1769,0.4280,0.0000,0.0000,0.0000,0.9693,0.2458,
3.1706,0.4314,0.0000,0.0000,0.0000,0.9693,0.2458,
3.1642,0.4349,0.0000,0.0000,0.0000,0.9693,0.2458,
3.1578,0.4383,0.0000,0.0000,0.0000,0.9693,0.2458,
3.1515,0.4418,0.0000,0.0000,0.0000,0.9693,0.2458,
3.1451,0.4452,0.0000,0.0000,0.0000,0.9693,0.2458,
3.1388,0.4487,0.0000,0.0000,0.0000,0.9693,0.2458,
3.1324,0.4521,0.0000,0.0000,0.0000,0.9693,0.2458,
3.1197,0.4590,0.0000,0.0000,0.0000,0.9286,0.3710,
3.1148,0.4637,0.0000,0.0000,0.0000,0.9286,0.3710,
3.1099,0.4683,0.0000,0.0000,0.0000,0.9286,0.3710,
3.1050,0.4730,0.0000,0.0000,0.0000,0.9286,0.3710,
3.1001,0.4776,0.0000,0.0000,0.0000,0.9286,0.3710,
3.0953,0.4822,0.0000,0.0000,0.0000,0.9286,0.3710,
3.0904,0.4869,0.0000,0.0000,0.0000,0.9286,0.3710,
3.0855,0.4915,0.0000,0.0000,0.0000,0.9286,0.3710,
3.0806,0.4962,0.0000,0.0000,0.0000,0.9286,0.3710,
3.0757,0.5008,0.0000,0.0000,0.0000,0.9286,0.3710,
3.0708,0.5055,0.0000,0.0000,0.0000,0.9286,0.3710,
3.0611,0.5147,0.0000,0.0000,0.0000,0.8549,0.5187,
3.0579,0.5208,0.0000,0.0000,0.0000,0.8549,0.5187,
3.0548,0.5269,0.0000,0.0000,0.0000,0.8549,0.5187,
3.0516,0.5329,0.0000,0.0000,0.0000,0.8549,0.5187,
3.0485,0.5390,0.0000,0.0000,0.0000,0.8549,0.5187,
3.0453,0.5451,0.0000,0.0000,0.0000,0.8549,0.5187,
3.0421,0.5511,0.0000,0.0000,0.0000,0.8549,0.5187,
3.0390,0.5572,0.0000,0.0000,0.0000,0.8549,0.5187,
3.0358,0.5633,0.0000,0.0000,0.0000,0.8549,0.5187,
3.0327,0.5693,0.0000,0.0000,0.0000,0.8549,0.5187,
3.0295,0.5754,0.0000,0.0000,0.0000,0.8549,0.5187,
3.0232,0.5875,0.0000,0.0000,0.0000,0.7511,0.6601,
3.0223,0.5945,0.0000,0.0000,0.0000,0.7511,0.6601,
3.0214,0.6014,0.0000,0.0000,0.0000,0.7511,0.6601,
3.0205,0.6084,0.0000,0.0000,0.0000,0.7511,0.6601,
3.0196,0.6153,0.0000,0.0000,0.0000,0.7511,0.6601,
3.0187,0.6223,0.0000,0.0000,0.0000,0.7511,0.6601,
3.0178,0.6292,0.0000,0.0000,0.0000,0.7511,0.6601,
3.0169,0.6361,0.0000,0.0000,0.0000,0.7511,0.6601,
3.0160,0.6431,0.0000,0.0000,0.0000,0.7511,0.6601,
3.0151,0.6500,0.0000,0.0000,0.0000,0.7511,0.6601,
3.0142,0.6570,0.0000,0.0000,0.0000,0.7511,0.6601,
3.0133,0.6639,0.0000,0.0000,0.0000,0.7511,0.6601,
3.0124,0.6709,0.0000,0.0000,0.0000,0.7511,0.6601,
3.0115,0.6778,0.0000,0.0000,0.0000,0.7511,0.6601,
3.0106,0.6848,0.0000,0.0000,0.0000,0.7511,0.6601,
3.0088,0.6987,0.0000,0.0000,0.0000,0.7088,0.7054,
3.0088,0.7054,0.0000,0.0000,0.0000,0.7088,0.7054,
3.0087,0.7121,0.0000,0.0000,0.0000,0.7088,0.7054,
3.0087,0.7189,0.0000,0.0000,0.0000,0.7088,0.7054,
3.0087,0.7256,0.0000,0.0000,0.0000,0.7088,0.7054,
3.0086,0.7323,0.0000,0.0000,0.0000,0.7088,0.7054,
3.0086,0.7391,0.0000,0.0000,0.0000,0.7088,0.7054,
3.0086,0.7458,0.0000,0.0000,0.0000,0.7088,0.7054,
3.0085,0.7526,0.0000,0.0000,0.0000,0.7088,0.7054,
3.0085,0.7593,0.0000,0.0000,0.0000,0.7088,0.7054,
3.0085,0.7660,0.0000,0.0000,0.0000,0.7088,0.7054,
3.0084,0.7728,0.0000,0.0000,0.0000,0.7088,0.7054,
3.0084,0.7795,0.0000,0.0000,0.0000,0.7088,0.7054,
3.0084,0.7862,0.0000,0.0000,0.0000,0.7088,0.7054,
3.0083,0.7930,0.0000,0.0000,0.0000,0.7088,0.7054,
3.0083,0.7997,0.0000,0.0000,0.0000,0.7088,0.7054,
3.0083,0.8064,0.0000,0.0000,0.0000,0.7088,0.7054,
3.0083,0.8132,0.0000,0.0000,0.0000,0.7088,0.7054,
3.0082,0.8199,0.0000,0.0000,0.0000,0.7088,0.7054,
3.0082,0.8266,0.0000,0.0000,0.0000,0.7088,0.7054,
3.0082,0.8334,0.0000,0.0000,0.0000,0.7088,0.7054,
3.0081,0.8401,0.0000,0.0000,0.0000,0.7088,0.7054,
3.0081,0.8469,0.0000,0.0000,0.0000,0.7088,0.7054,
3.0081,0.8536,0.0000,0.0000,0.0000,0.7088,0.7054,
3.0080,0.8603,0.0000,0.0000,0.0000,0.7088,0.7054,
3.0080,0.8671,0.0000,0.0000,0.0000,0.7088,0.7054,
3.0080,0.8738,0.0000,0.0000,0.0000,0.7088,0.7054,
3.0079,0.8805,0.0000,0.0000,0.0000,0.7088,0.7054,
3.0079,0.8873,0.0000,0.0000,0.0000,0.7088,0.7054,
3.0079,0.8940,0.0000,0.0000,0.0000,0.7088,0.7054,
3.0078,0.9007,0.0000,0.0000,0.0000,0.7088,0.7054,
3.0078,0.9075,0.0000,0.0000,0.0000,0.7088,0.7054,
3.0078,0.9142,0.0000,0.0000,0.0000,0.7088,0.7054,
3.0077,0.9209,0.0000,0.0000,0.0000,0.7088,0.7054,
3.0077,0.9277,0.0000,0.0000,0.0000,0.7088,0.7054,
3.0077,0.9344,0.0000,0.0000,0.0000,0.7088,0.7054,
3.0076,0.9411,0.0000,0.0000,0.0000,0.7088,0.7054,
3.0076,0.9479,0.0000,0.0000,0.0000,0.7088,0.7054,
3.0076,0.9546,0.0000,0.0000,0.0000,0.7088,0.7054,
3.0076,0.9614,0.0000,0.0000,0.0000,0.7088,0.7054,
3.0075,0.9681,0.0000,0.0000,0.0000,0.7088,0.7054,
3.0075,0.9748,0.0000,0.0000,0.0000,0.7088,0.7054,
3.0075,0.9816,0.0000,0.0000,0.0000,0.7088,0.7054,
3.0074,0.9883,0.0000,0.0000,0.0000,0.7088,0.7054,
3.0074,0.9950,0.0000,0.0000,0.0000,0.7088,0.7054,
3.0074,1.0018,0.0000,0.0000,0.0000,0.7088,0.7054,
