1.9118,0.4027,0.0000,0.0000,0.0000,1.0000,0.0006,
1.9051,0.4027,0.0000,0.0000,0.0000,1.0000,0.0006,
1.8985,0.4027,0.0000,0.0000,0.0000,1.0000,0.0006,
1.8918,0.4028,0.0000,0.0000,0.0000,1.0000,0.0006,
1.8851,0.4028,0.0000,0.0000,0.0000,1.0000,0.0006,
1.8784,0.4028,0.0000,0.0000,0.0000,1.0000,0.0006,
1.8717,0.4028,0.0000,0.0000,0.0000,1.0000,0.0006,
1.8651,0.4028,0.0000,0.0000,0.0000,1.0000,0.0006,
1.8584,0.4028,0.0000,0.0000,0.0000,1.0000,0.0006,
1.8517,0.4028,0.0000,0.0000,0.0000,1.0000,0.0006,
1.8450,0.4028,0.0000,0.0000,0.0000,1.0000,0.0006,
1.8383,0.4028,0.0000,0.0000,0.0000,1.0000,0.0006,
1.8317,0.4028,0.0000,0.0000,0.0000,1.0000,0.0006,
1.8250,0.4028,0.0000,0.0000,0.0000,1.0000,0.0006,
1.8183,0.4028,0.0000,0.0000,0.0000,1.0000,0.0006,
1.8116,0.4029,0.0000,0.0000,0.0000,1.0000,0.0006,
1.8050,0.4029,0.0000,0.0000,0.0000,1.0000,0.0006,
1.7983,0.4029,0.0000,0.0000,0.0000,1.0000,0.0006,
1.7916,0.4029,0.0000,0.0000,0.0000,1.0000,0.0006,
1.7849,0.4029,0.0000,0.0000,0.0000,1.0000,0.0006,
1.7782,0.4029,0.0000,0.0000,0.0000,1.0000,0.0006,
1.7716,0.4029,0.0000,0.0000,0.0000,1.0000,0.0006,
1.7649,0.4029,0.0000,0.0000,0.0000,1.0000,0.0006,
1.7582,0.4029,0.0000,0.0000,0.0000,1.0000,0.0006,
1.7515,0.4029,0.0000,0.0000,0.0000,1.0000,0.0006,
1.7448,0.4029,0.0000,0.0000,0.0000,1.0000,0.0006,
1.7382,0.4029,0.0000,0.0000,0.0000,1.0000,0.0006,
1.7315,0.4030,0.0000,0.0000,0.0000,1.0000,0.0006,
1.7248,0.4030,0.0000,0.0000,0.0000,1.0000,0.0006,
1.7181,0.4030,0.0000,0.0000,0.0000,1.0000,0.0006,
1.7114,0.4030,0.0000,0.0000,0.0000,1.0000,0.0006,
1.7048,0.4030,0.0000,0.0000,0.0000,1.0000,0.0006,
1.6981,0.4030,0.0000,0.0000,0.0000,1.0000,0.0006,
1.6914,0.4030,0.0000,0.0000,0.0000,1.0000,0.0006,
1.6847,0.4030,0.0000,0.0000,0.0000,1.0000,0.0006,
1.6780,0.4030,0.0000,0.0000,0.0000,1.0000,0.0006,
1.6714,0.4030,0.0000,0.0000,0.0000,1.0000,0.0006,
1.6647,0.4030,0.0000,0.0000,0.0000,1.0000,0.0006,
1.6580,0.4031,0.0000,0.0000,0.0000,1.0000,0.0006,
1.6513,0.4031,0.0000,0.0000,0.0000,1.0000,0.0006,
1.6446,0.4031,0.0000,0.0000,0.0000,1.0000,0.0006,
1.6380,0.4031,0.0000,0.0000,0.0000,1.0000,0.0006,
1.6313,0.4031,0.0000,0.0000,0.0000,1.0000,0.0006,
1.6246,0.4031,0.0000,0.0000,0.0000,1.0000,0.0006,
1.6179,0.4031,0.0000,0.0000,0.0000,1.0000,0.0006,
1.6112,0.4031,0.0000,0.0000,0.0000,1.0000,0.0006,
1.6046,0.4031,0.0000,0.0000,0.0000,1.0000,0.0006,
1.5979,0.4031,0.0000,0.0000,0.0000,1.0000,0.0006,
1.5912,0.4031,0.0000,0.0000,0.0000,1.0000,0.0006,
1.5845,0.4031,0.0000,0.0000,0.0000,1.0000,0.0006,
1.5779,0.4032,0.0000,0.0000,0.0000,1.0000,0.0006,
1.5712,0.4032,0.0000,0.0000,0.0000,1.0000,0.0006,
1.5645,0.4032,0.0000,0.0000,0.0000,1.0000,0.0006,
1.5578,0.4032,0.0000,0.0000,0.0000,1.0000,0.0006,
1.5511,0.4032,0.0000,0.0000,0.0000,1.0000,0.0006,
1.5445,0.4032,0.0000,0.0000,0.0000,1.0000,0.0006,
1.5378,0.4032,0.0000,0.0000,0.0000,1.0000,0.0006,
1.5311,0.4032,0.0000,0.0000,0.0000,1.0000,0.0006,
1.5244,0.4032,0.0000,0.0000,0.0000,1.0000,0.0006,
1.5177,0.4032,0.0000,0.0000,0.0000,1.0000,0.0006,
1.5111,0.4032,0.0000,0.0000,0.0000,1.0000,0.0006,
1.5044,0.4032,0.0000,0.0000,0.0000,1.0000,0.0006,
1.4977,0.4033,0.0000,0.0000,0.0000,1.0000,0.0006,
1.4910,0.4033,0.0000,0.0000,0.0000,1.0000,0.0006,
1.4843,0.4033,0.0000,0.0000,0.0000,1.0000,0.0006,
1.4777,0.4033,0.0000,0.0000,0.0000,1.0000,0.0006,
1.4710,0.4033,0.0000,0.0000,0.0000,1.0000,0.0006,
1.4643,0.4033,0.0000,0.0000,0.0000,1.0000,0.0006,
1.4576,0.4033,0.0000,0.0000,0.0000,1.0000,0.0006,
1.4509,0.4033,0.0000,0.0000,0.0000,1.0000,0.0006,
1.4443,0.4033,0.0000,0.0000,0.0000,1.0000,0.0006,
1.4376,0.4033,0.0000,0.0000,0.0000,1.0000,0.0006,
1.4309,0.4033,0.0000,0.0000,0.0000,1.0000,0.0006,
1.4242,0.4033,0.0000,0.0000,0.0000,1.0000,0.0006,
1.4175,0.4034,0.0000,0.0000,0.0000,1.0000,0.0006,
1.4109,0.4034,0.0000,0.0000,0.0000,1.0000,0.0006,
1.4042,0.4034,0.0000,0.0000,0.0000,1.0000,0.0006,
1.3975,0.4034,0.0000,0.0000,0.0000,1.0000,0.0006,
1.3908,0.4034,0.0000,0.0000,0.0000,1.0000,0.0006,
1.3842,0.4034,0.0000,0.0000,0.0000,1.0000,0.0006,
1.3775,0.4034,0.0000,0.0000,0.0000,1.0000,0.0006,
1.3708,0.4034,0.0000,0.0000,0.0000,1.0000,0.0006,
1.3641,0.4034,0.0000,0.0000,0.0000,1.0000,0.0006,
1.3574,0.4034,0.0000,0.0000,0.0000,1.0000,0.0006,
1.3508,0.4034,0.0000,0.0000,0.0000,1.0000,0.0006,
1.3441,0.4034,0.0000,0.0000,0.0000,1.0000,0.0006,
1.3374,0.4035,0.0000,0.0000,0.0000,1.0000,0.0006,
1.3307,0.4035,0.0000,0.0000,0.0000,1.0000,0.0006,
1.3240,0.4035,0.0000,0.0000,0.0000,1.0000,0.0006,
1.3174,0.4035,0.0000,0.0000,0.0000,1.0000,0.0006,
1.3107,0.4035,0.0000,0.0000,0.0000,1.0000,0.0006,
1.3040,0.4035,0.0000,0.0000,0.0000,1.0000,0.0006,
1.2973,0.4035,0.0000,0.0000,0.0000,1.0000,0.0006,
1.2906,0.4035,0.0000,0.0000,0.0000,1.0000,0.0006,
1.2840,0.4035,0.0000,0.0000,0.0000,1.0000,0.0006,
1.2773,0.4035,0.0000,0.0000,0.0000,1.0000,0.0006,
1.2706,0.4035,0.0000,0.0000,0.0000,1.0000,0.0006,
1.2639,0.4035,0.0000,0.0000,0.0000,1.0000,0.0006,
1.2572,0.4036,0.0000,0.0000,0.0000,1.0000,0.0006,
1.2506,0.4036,0.0000,0.0000,0.0000,1.0000,0.0006,
1.2439,0.4036,0.0000,0.0000,0.0000,1.0000,0.0006,
1.2372,0.4036,0.0000,0.0000,0.0000,1.0000,0.0006,
1.2305,0.4036,0.0000,0.0000,0.0000,1.0000,0.0006,
1.2238,0.4036,0.0000,0.0000,0.0000,1.0000,0.0006,
1.2172,0.4036,0.0000,0.0000,0.0000,1.0000,0.0006,
1.2105,0.4036,0.0000,0.0000,0.0000,1.0000,0.0006,
1.2038,0.4036,0.0000,0.0000,0.0000,1.0000,0.0006,
1.1971,0.4036,0.0000,0.0000,0.0000,1.0000,0.0006,
1.1904,0.4036,0.0000,0.0000,0.0000,1.0000,0.0006,
1.1838,0.4036,0.0000,0.0000,0.0000,1.0000,0.0006,
1.1771,0.4037,0.0000,0.0000,0.0000,1.0000,0.0006,
1.1704,0.4037,0.0000,0.0000,0.0000,1.0000,0.0006,
1.1637,0.4037,0.0000,0.0000,0.0000,1.0000,0.0006,
1.1571,0.4037,0.0000,0.0000,0.0000,1.0000,0.0006,
1.1504,0.4037,0.0000,0.0000,0.0000,1.0000,0.0006,
1.1437,0.4037,0.0000,0.0000,0.0000,1.0000,0.0006,
1.1370,0.4037,0.0000,0.0000,0.0000,1.0000,0.0006,
1.1303,0.4037,0.0000,0.0000,0.0000,1.0000,0.0006,
1.1237,0.4037,0.0000,0.0000,0.0000,1.0000,0.0006,
1.1170,0.4037,0.0000,0.0000,0.0000,1.0000,0.0006,
1.1103,0.4037,0.0000,0.0000,0.0000,1.0000,0.0006,
1.1036,0.4037,0.0000,0.0000,0.0000,1.0000,0.0006,
1.0969,0.4038,0.0000,0.0000,0.0000,1.0000,0.0006,
1.0903,0.4038,0.0000,0.0000,0.0000,1.0000,0.0006,
1.0836,0.4038,0.0000,0.0000,0.0000,1.0000,0.0006,
1.0769,0.4038,0.0000,0.0000,0.0000,1.0000,0.0006,
1.0702,0.4038,0.0000,0.0000,0.0000,1.0000,0.0006,
1.0635,0.4038,0.0000,0.0000,0.0000,1.0000,0.0006,
1.0569,0.4038,0.0000,0.0000,0.0000,1.0000,0.0006,
1.0502,0.4038,0.0000,0.0000,0.0000,1.0000,0.0006,
1.0435,0.4038,0.0000,0.0000,0.0000,1.0000,0.0006,
1.0368,0.4038,0.0000,0.0000,0.0000,1.0000,0.0006,
1.0301,0.4038,0.0000,0.0000,0.0000,1.0000,0.0006,
1.0235,0.4038,0.0000,0.0000,0.0000,1.0000,0.0006,
1.0168,0.4039,0.0000,0.0000,0.0000,1.0000,0.0006,
1.0101,0.4039,0.0000,0.0000,0.0000,1.0000,0.0006,
1.0034,0.4039,0.0000,0.0000,0.0000,1.0000,0.0006,
0.9967,0.4039,0.0000,0.0000,0.0000,1.0000,0.0006,
0.9901,0.4039,0.0000,0.0000,0.0000,1.0000,0.0006,
0.9834,0.4039,0.0000,0.0000,0.0000,1.0000,0.0006,
0.9767,0.4039,0.0000,0.0000,0.0000,1.0000,0.0006,
0.9700,0.4039,0.0000,0.0000,0.0000,1.0000,0.0006,
0.9634,0.4039,0.0000,0.0000,0.0000,1.0000,0.0006,
0.9567,0.4039,0.0000,0.0000,0.0000,1.0000,0.0006,
0.9500,0.4039,0.0000,0.0000,0.0000,1.0000,0.0006,
0.9433,0.4040,0.0000,0.0000,0.0000,1.0000,0.0006,
0.9366,0.4040,0.0000,0.0000,0.0000,1.0000,0.0006,
0.9300,0.4040,0.0000,0.0000,0.0000,1.0000,0.0006,
0.9233,0.4040,0.0000,0.0000,0.0000,1.0000,0.0006,
0.9166,0.4040,0.0000,0.0000,0.0000,1.0000,0.0006,
0.9099,0.4040,0.0000,0.0000,0.0000,1.0000,0.0006,
0.9032,0.4040,0.0000,0.0000,0.0000,1.0000,0.0006,
0.8966,0.4040,0.0000,0.0000,0.0000,1.0000,0.0006,
0.8899,0.4040,0.0000,0.0000,0.0000,1.0000,0.0006,
0.8832,0.4040,0.0000,0.0000,0.0000,1.0000,0.0006,
0.8765,0.4040,0.0000,0.0000,0.0000,1.0000,0.0006,
0.8698,0.4040,0.0000,0.0000,0.0000,1.0000,0.0006,
0.8632,0.4041,0.0000,0.0000,0.0000,1.0000,0.0006,
0.8565,0.4041,0.0000,0.0000,0.0000,1.0000,0.0006,
0.8498,0.4041,0.0000,0.0000,0.0000,1.0000,0.0006,
0.8431,0.4041,0.0000,0.0000,0.0000,1.0000,0.0006,
0.8364,0.4041,0.0000,0.0000,0.0000,1.0000,0.0006,
0.8298,0.4041,0.0000,0.0000,0.0000,1.0000,0.0006,
0.8231,0.4041,0.0000,0.0000,0.0000,1.0000,0.0006,
0.8164,0.4041,0.0000,0.0000,0.0000,1.0000,0.0006,
0.8097,0.4041,0.0000,0.0000,0.0000,1.0000,0.0006,
0.8030,0.4041,0.0000,0.0000,0.0000,1.0000,0.0006,
0.7964,0.4041,0.0000,0.0000,0.0000,1.0000,0.0006,
0.7897,0.4041,0.0000,0.0000,0.0000,1.0000,0.0006,
0.7830,0.4042,0.0000,0.0000,0.0000,1.0000,0.0006,
0.7696,0.4042,0.0000,0.0000,0.0000,0.9991,0.0435,
0.7629,0.4048,0.0000,0.0000,0.0000,0.9991,0.0435,
0.7561,0.4053,0.0000,0.0000,0.0000,0.9991,0.0435,
0.7494,0.4059,0.0000,0.0000,0.0000,0.9991,0.0435,
0.7426,0.4065,0.0000,0.0000,0.0000,0.9991,0.0435,
0.7359,0.4071,0.0000,0.0000,0.0000,0.9991,0.0435,
0.7291,0.4077,0.0000,0.0000,0.0000,0.9991,0.0435,
0.7224,0.4083,0.0000,0.0000,0.0000,0.9991,0.0435,
0.7089,0.4095,0.0000,0.0000,0.0000,0.9880,0.1542,
0.7021,0.4117,0.0000,0.0000,0.0000,0.9880,0.1542,
0.6953,0.4138,0.0000,0.0000,0.0000,0.9880,0.1542,
0.6885,0.4160,0.0000,0.0000,0.0000,0.9880,0.1542,
0.6816,0.4182,0.0000,0.0000,0.0000,0.9880,0.1542,
0.6748,0.4204,0.0000,0.0000,0.0000,0.9880,0.1542,
0.6680,0.4226,0.0000,0.0000,0.0000,0.9880,0.1542,
0.6612,0.4247,0.0000,0.0000,0.0000,0.9880,0.1542,
0.6544,0.4269,0.0000,0.0000,0.0000,0.9880,0.1542,
0.6408,0.4313,0.0000,0.0000,0.0000,0.9703,0.2417,
0.6348,0.4344,0.0000,0.0000,0.0000,0.9703,0.2417,
0.6288,0.4376,0.0000,0.0000,0.0000,0.9703,0.2417,
0.6229,0.4408,0.0000,0.0000,0.0000,0.9703,0.2417,
0.6169,0.4440,0.0000,0.0000,0.0000,0.9703,0.2417,
0.6109,0.4471,0.0000,0.0000,0.0000,0.9703,0.2417,
0.6049,0.4503,0.0000,0.0000,0.0000,0.9703,0.2417,
0.5990,0.4535,0.0000,0.0000,0.0000,0.9703,0.2417,
0.5930,0.4567,0.0000,0.0000,0.0000,0.9703,0.2417,
0.5870,0.4598,0.0000,0.0000,0.0000,0.9703,0.2417,
0.5751,0.4662,0.0000,0.0000,0.0000,0.9193,0.3936,
0.5701,0.4714,0.0000,0.0000,0.0000,0.9193,0.3936,
0.5651,0.4766,0.0000,0.0000,0.0000,0.9193,0.3936,
0.5601,0.4819,0.0000,0.0000,0.0000,0.9193,0.3936,
0.5551,0.4871,0.0000,0.0000,0.0000,0.9193,0.3936,
0.5502,0.4923,0.0000,0.0000,0.0000,0.9193,0.3936,
0.5452,0.4975,0.0000,0.0000,0.0000,0.9193,0.3936,
0.5402,0.5027,0.0000,0.0000,0.0000,0.9193,0.3936,
0.5352,0.5080,0.0000,0.0000,0.0000,0.9193,0.3936,
0.5302,0.5132,0.0000,0.0000,0.0000,0.9193,0.3936,
0.5203,0.5236,0.0000,0.0000,0.0000,0.8742,0.4856,
0.5166,0.5296,0.0000,0.0000,0.0000,0.8742,0.4856,
0.5128,0.5356,0.0000,0.0000,0.0000,0.8742,0.4856,
0.5091,0.5416,0.0000,0.0000,0.0000,0.8742,0.4856,
0.5054,0.5475,0.0000,0.0000,0.0000,0.8742,0.4856,
0.5017,0.5535,0.0000,0.0000,0.0000,0.8742,0.4856,
0.4980,0.5595,0.0000,0.0000,0.0000,0.8742,0.4856,
0.4943,0.5654,0.0000,0.0000,0.0000,0.8742,0.4856,
0.4905,0.5714,0.0000,0.0000,0.0000,0.8742,0.4856,
0.4868,0.5774,0.0000,0.0000,0.0000,0.8742,0.4856,
0.4831,0.5834,0.0000,0.0000,0.0000,0.8742,0.4856,
0.4794,0.5893,0.0000,0.0000,0.0000,0.8742,0.4856,
0.4757,0.5953,0.0000,0.0000,0.0000,0.8742,0.4856,
0.4682,0.6072,0.0000,0.0000,0.0000,0.7979,0.6028,
0.4664,0.6138,0.0000,0.0000,0.0000,0.7979,0.6028,
0.4645,0.6204,0.0000,0.0000,0.0000,0.7979,0.6028,
0.4626,0.6271,0.0000,0.0000,0.0000,0.7979,0.6028,
0.4607,0.6337,0.0000,0.0000,0.0000,0.7979,0.6028,
0.4589,0.6403,0.0000,0.0000,0.0000,0.7979,0.6028,
0.4570,0.6469,0.0000,0.0000,0.0000,0.7979,0.6028,
0.4551,0.6535,0.0000,0.0000,0.0000,0.7979,0.6028,
0.4532,0.6601,0.0000,0.0000,0.0000,0.7979,0.6028,
0.4513,0.6667,0.0000,0.0000,0.0000,0.7979,0.6028,
0.4495,0.6733,0.0000,0.0000,0.0000,0.7979,0.6028,
0.4476,0.6799,0.0000,0.0000,0.0000,0.7979,0.6028,
0.4457,0.6865,0.0000,0.0000,0.0000,0.7979,0.6028,
0.4438,0.6931,0.0000,0.0000,0.0000,0.7979,0.6028,
0.4420,0.6997,0.0000,0.0000,0.0000,0.7979,0.6028,
0.4382,0.7129,0.0000,0.0000,0.0000,0.7714,0.6363,
0.4369,0.7197,0.0000,0.0000,0.0000,0.7714,0.6363,
0.4356,0.7266,0.0000,0.0000,0.0000,0.7714,0.6363,
0.4342,0.7334,0.0000,0.0000,0.0000,0.7714,0.6363,
0.4329,0.7402,0.0000,0.0000,0.0000,0.7714,0.6363,
0.4316,0.7471,0.0000,0.0000,0.0000,0.7714,0.6363,
0.4303,0.7539,0.0000,0.0000,0.0000,0.7714,0.6363,
0.4289,0.7607,0.0000,0.0000,0.0000,0.7714,0.6363,
0.4276,0.7676,0.0000,0.0000,0.0000,0.7714,0.6363,
0.4263,0.7744,0.0000,0.0000,0.0000,0.7714,0.6363,
0.4250,0.7812,0.0000,0.0000,0.0000,0.7714,0.6363,
0.4236,0.7881,0.0000,0.0000,0.0000,0.7714,0.6363,
0.4223,0.7949,0.0000,0.0000,0.0000,0.7714,0.6363,
0.4210,0.8017,0.0000,0.0000,0.0000,0.7714,0.6363,
0.4197,0.8086,0.0000,0.0000,0.0000,0.7714,0.6363,
0.4184,0.8154,0.0000,0.0000,0.0000,0.7714,0.6363,
0.4170,0.8222,0.0000,0.0000,0.0000,0.7714,0.6363,
0.4144,0.8359,0.0000,0.0000,0.0000,0.7035,0.7107,
0.4144,0.8426,0.0000,0.0000,0.0000,0.7035,0.7107,
0.4145,0.8493,0.0000,0.0000,0.0000,0.7035,0.7107,
0.4146,0.8559,0.0000,0.0000,0.0000,0.7035,0.7107,
0.4146,0.8626,0.0000,0.0000,0.0000,0.7035,0.7107,
0.4147,0.8693,0.0000,0.0000,0.0000,0.7035,0.7107,
0.4148,0.8760,0.0000,0.0000,0.0000,0.7035,0.7107,
0.4149,0.8827,0.0000,0.0000,0.0000,0.7035,0.7107,
0.4149,0.8894,0.0000,0.0000,0.0000,0.7035,0.7107,
0.4150,0.8961,0.0000,0.0000,0.0000,0.7035,0.7107,
0.4151,0.9027,0.0000,0.0000,0.0000,0.7035,0.7107,
0.4151,0.9094,0.0000,0.0000,0.0000,0.7035,0.7107,
0.4152,0.9161,0.0000,0.0000,0.0000,0.7035,0.7107,
0.4153,0.9228,0.0000,0.0000,0.0000,0.7035,0.7107,
0.4153,0.9295,0.0000,0.0000,0.0000,0.7035,0.7107,
0.4154,0.9362,0.0000,0.0000,0.0000,0.7035,0.7107,
0.4155,0.9428,0.0000,0.0000,0.0000,0.7035,0.7107,
0.4155,0.9495,0.0000,0.0000,0.0000,0.7035,0.7107,
0.4156,0.9562,0.0000,0.0000,0.0000,0.7035,0.7107,
0.4157,0.9629,0.0000,0.0000,0.0000,0.7035,0.7107,
0.4157,0.9696,0.0000,0.0000,0.0000,0.7035,0.7107,
0.4158,0.9763,0.0000,0.0000,0.0000,0.7035,0.7107,
0.4159,0.9830,0.0000,0.0000,0.0000,0.7035,0.7107,
0.4159,0.9896,0.0000,0.0000,0.0000,0.7035,0.7107,
0.4160,0.9963,0.0000,0.0000,0.0000,0.7035,0.7107,
0.4161,1.0030,0.0000,0.0000,0.0000,0.7035,0.7107,
0.4161,1.0097,0.0000,0.0000,0.0000,0.7035,0.7107,
0.4162,1.0164,0.0000,0.0000,0.0000,0.7035,0.7107,
0.4163,1.0231,0.0000,0.0000,0.0000,0.7035,0.7107,
0.4163,1.0298,0.0000,0.0000,0.0000,0.7035,0.7107,
0.4164,1.0364,0.0000,0.0000,0.0000,0.7035,0.7107,
0.4165,1.0431,0.0000,0.0000,0.0000,0.7035,0.7107,
0.4165,1.0498,0.0000,0.0000,0.0000,0.7035,0.7107,
