1.9095,0.4018,0.0000,0.0000,0.0000,0.9990,0.0440,
1.9028,0.4024,0.0000,0.0000,0.0000,0.9990,0.0440,
1.8961,0.4030,0.0000,0.0000,0.0000,0.9990,0.0440,
1.8894,0.4036,0.0000,0.0000,0.0000,0.9990,0.0440,
1.8827,0.4042,0.0000,0.0000,0.0000,0.9990,0.0440,
1.8760,0.4048,0.0000,0.0000,0.0000,0.9990,0.0440,
1.8693,0.4054,0.0000,0.0000,0.0000,0.9990,0.0440,
1.8626,0.4059,0.0000,0.0000,0.0000,0.9990,0.0440,
1.8559,0.4065,0.0000,0.0000,0.0000,0.9990,0.0440,
1.8492,0.4071,0.0000,0.0000,0.0000,0.9990,0.0440,
1.8425,0.4077,0.0000,0.0000,0.0000,0.9990,0.0440,
1.8358,0.4083,0.0000,0.0000,0.0000,0.9990,0.0440,
1.8291,0.4089,0.0000,0.0000,0.0000,0.9990,0.0440,
1.8224,0.4095,0.0000,0.0000,0.0000,0.9990,0.0440,
1.8157,0.4101,0.0000,0.0000,0.0000,0.9990,0.0440,
1.8090,0.4107,0.0000,0.0000,0.0000,0.9990,0.0440,
1.8023,0.4113,0.0000,0.0000,0.0000,0.9990,0.0440,
1.7956,0.4119,0.0000,0.0000,0.0000,0.9990,0.0440,
1.7889,0.4125,0.0000,0.0000,0.0000,0.9990,0.0440,
1.7822,0.4131,0.0000,0.0000,0.0000,0.9990,0.0440,
1.7755,0.4136,0.0000,0.0000,0.0000,0.9990,0.0440,
1.7688,0.4142,0.0000,0.0000,0.0000,0.9990,0.0440,
1.7554,0.4154,0.0000,0.0000,0.0000,0.9790,0.2040,
1.7487,0.4183,0.0000,0.0000,0.0000,0.9790,0.2040,
1.7420,0.4212,0.0000,0.0000,0.0000,0.9790,0.2040,
1.7354,0.4241,0.0000,0.0000,0.0000,0.9790,0.2040,
1.7287,0.4270,0.0000,0.0000,0.0000,0.9790,0.2040,
1.7221,0.4299,0.0000,0.0000,0.0000,0.9790,0.2040,
1.7154,0.4328,0.0000,0.0000,0.0000,0.9790,0.2040,
1.7087,0.4357,0.0000,0.0000,0.0000,0.9790,0.2040,
1.6954,0.4415,0.0000,0.0000,0.0000,0.9290,0.3700,
1.6903,0.4464,0.0000,0.0000,0.0000,0.9290,0.3700,
1.6852,0.4512,0.0000,0.0000,0.0000,0.9290,0.3700,
1.6800,0.4561,0.0000,0.0000,0.0000,0.9290,0.3700,
1.6749,0.4609,0.0000,0.0000,0.0000,0.9290,0.3700,
1.6698,0.4658,0.0000,0.0000,0.0000,0.9290,0.3700,
1.6647,0.4706,0.0000,0.0000,0.0000,0.9290,0.3700,
1.6595,0.4755,0.0000,0.0000,0.0000,0.9290,0.3700,
1.6493,0.4852,0.0000,0.0000,0.0000,0.8735,0.4868,
1.6455,0.4913,0.0000,0.0000,0.0000,0.8735,0.4868,
1.6418,0.4974,0.0000,0.0000,0.0000,0.8735,0.4868,
1.6380,0.5035,0.0000,0.0000,0.0000,0.8735,0.4868,
1.6342,0.5096,0.0000,0.0000,0.0000,0.8735,0.4868,
1.6304,0.5157,0.0000,0.0000,0.0000,0.8735,0.4868,
1.6267,0.5218,0.0000,0.0000,0.0000,0.8735,0.4868,
1.6229,0.5279,0.0000,0.0000,0.0000,0.8735,0.4868,
1.6191,0.5340,0.0000,0.0000,0.0000,0.8735,0.4868,
1.6154,0.5400,0.0000,0.0000,0.0000,0.8735,0.4868,
1.6116,0.5461,0.0000,0.0000,0.0000,0.8735,0.4868,
1.6041,0.5583,0.0000,0.0000,0.0000,0.7764,0.6302,
1.6027,0.5649,0.0000,0.0000,0.0000,0.7764,0.6302,
1.6013,0.5714,0.0000,0.0000,0.0000,0.7764,0.6302,
1.5999,0.5780,0.0000,0.0000,0.0000,0.7764,0.6302,
1.5985,0.5846,0.0000,0.0000,0.0000,0.7764,0.6302,
1.5972,0.5911,0.0000,0.0000,0.0000,0.7764,0.6302,
1.5958,0.5977,0.0000,0.0000,0.0000,0.7764,0.6302,
1.5944,0.6042,0.0000,0.0000,0.0000,0.7764,0.6302,
1.5930,0.6108,0.0000,0.0000,0.0000,0.7764,0.6302,
1.5917,0.6173,0.0000,0.0000,0.0000,0.7764,0.6302,
1.5903,0.6239,0.0000,0.0000,0.0000,0.7764,0.6302,
1.5889,0.6305,0.0000,0.0000,0.0000,0.7764,0.6302,
1.5875,0.6370,0.0000,0.0000,0.0000,0.7764,0.6302,
1.5861,0.6436,0.0000,0.0000,0.0000,0.7764,0.6302,
1.5848,0.6501,0.0000,0.0000,0.0000,0.7764,0.6302,
1.5834,0.6567,0.0000,0.0000,0.0000,0.7764,0.6302,
1.5820,0.6633,0.0000,0.0000,0.0000,0.7764,0.6302,
1.5806,0.6698,0.0000,0.0000,0.0000,0.7764,0.6302,
1.5793,0.6764,0.0000,0.0000,0.0000,0.7764,0.6302,
1.5779,0.6829,0.0000,0.0000,0.0000,0.7764,0.6302,
1.5751,0.6960,0.0000,0.0000,0.0000,0.7087,0.7055,
1.5751,0.7027,0.0000,0.0000,0.0000,0.7087,0.7055,
1.5751,0.7094,0.0000,0.0000,0.0000,0.7087,0.7055,
1.5750,0.7161,0.0000,0.0000,0.0000,0.7087,0.7055,
1.5750,0.7228,0.0000,0.0000,0.0000,0.7087,0.7055,
1.5750,0.7295,0.0000,0.0000,0.0000,0.7087,0.7055,
1.5749,0.7362,0.0000,0.0000,0.0000,0.7087,0.7055,
1.5749,0.7429,0.0000,0.0000,0.0000,0.7087,0.7055,
1.5749,0.7496,0.0000,0.0000,0.0000,0.7087,0.7055,
1.5749,0.7563,0.0000,0.0000,0.0000,0.7087,0.7055,
1.5748,0.7630,0.0000,0.0000,0.0000,0.7087,0.7055,
1.5748,0.7697,0.0000,0.0000,0.0000,0.7087,0.7055,
1.5748,0.7764,0.0000,0.0000,0.0000,0.7087,0.7055,
1.5747,0.7831,0.0000,0.0000,0.0000,0.7087,0.7055,
1.5747,0.7898,0.0000,0.0000,0.0000,0.7087,0.7055,
1.5747,0.7964,0.0000,0.0000,0.0000,0.7087,0.7055,
1.5746,0.8031,0.0000,0.0000,0.0000,0.7087,0.7055,
1.5746,0.8098,0.0000,0.0000,0.0000,0.7087,0.7055,
1.5746,0.8165,0.0000,0.0000,0.0000,0.7087,0.7055,
1.5745,0.8232,0.0000,0.0000,0.0000,0.7087,0.7055,
1.5745,0.8299,0.0000,0.0000,0.0000,0.7087,0.7055,
1.5745,0.8366,0.0000,0.0000,0.0000,0.7087,0.7055,
1.5745,0.8433,0.0000,0.0000,0.0000,0.7087,0.7055,
1.5744,0.8500,0.0000,0.0000,0.0000,0.7087,0.7055,
1.5744,0.8567,0.0000,0.0000,0.0000,0.7087,0.7055,
1.5744,0.8634,0.0000,0.0000,0.0000,0.7087,0.7055,
1.5743,0.8701,0.0000,0.0000,0.0000,0.7087,0.7055,
1.5743,0.8768,0.0000,0.0000,0.0000,0.7087,0.7055,
1.5743,0.8835,0.0000,0.0000,0.0000,0.7087,0.7055,
1.5742,0.8902,0.0000,0.0000,0.0000,0.7087,0.7055,
1.5742,0.8969,0.0000,0.0000,0.0000,0.7087,0.7055,
1.5742,0.9036,0.0000,0.0000,0.0000,0.7087,0.7055,
1.5742,0.9102,0.0000,0.0000,0.0000,0.7087,0.7055,
1.5741,0.9169,0.0000,0.0000,0.0000,0.7087,0.7055,
1.5741,0.9236,0.0000,0.0000,0.0000,0.7087,0.7055,
1.5741,0.9303,0.0000,0.0000,0.0000,0.7087,0.7055,
1.5740,0.9370,0.0000,0.0000,0.0000,0.7087,0.7055,
1.5740,0.9437,0.0000,0.0000,0.0000,0.7087,0.7055,
1.5740,0.9504,0.0000,0.0000,0.0000,0.7087,0.7055,
1.5739,0.9638,0.0000,0.0000,0.0000,0.7027,0.7114,
1.5740,0.9707,0.0000,0.0000,0.0000,0.7027,0.7114,
1.5741,0.9776,0.0000,0.0000,0.0000,0.7027,0.7114,
1.5742,0.9845,0.0000,0.0000,0.0000,0.7027,0.7114,
1.5743,0.9914,0.0000,0.0000,0.0000,0.7027,0.7114,
1.5743,0.9982,0.0000,0.0000,0.0000,0.7027,0.7114,
1.5744,1.0051,0.0000,0.0000,0.0000,0.7027,0.7114,
1.5745,1.0120,0.0000,0.0000,0.0000,0.7027,0.7114,
1.5746,1.0189,0.0000,0.0000,0.0000,0.7027,0.7114,
1.5747,1.0258,0.0000,0.0000,0.0000,0.7027,0.7114,
1.5748,1.0327,0.0000,0.0000,0.0000,0.7027,0.7114,
1.5748,1.0396,0.0000,0.0000,0.0000,0.7027,0.7114,
1.5749,1.0465,0.0000,0.0000,0.0000,0.7027,0.7114,
1.5750,1.0534,0.0000,0.0000,0.0000,0.7027,0.7114,
1.5751,1.0603,0.0000,0.0000,0.0000,0.7027,0.7114,
1.5752,1.0671,0.0000,0.0000,0.0000,0.7027,0.7114,
1.5753,1.0740,0.0000,0.0000,0.0000,0.7027,0.7114,
1.5754,1.0809,0.0000,0.0000,0.0000,0.7027,0.7114,
1.5754,1.0878,0.0000,0.0000,0.0000,0.7027,0.7114,
1.5755,1.0947,0.0000,0.0000,0.0000,0.7027,0.7114,
1.5756,1.1016,0.0000,0.0000,0.0000,0.7027,0.7114,
1.5757,1.1085,0.0000,0.0000,0.0000,0.7027,0.7114,
1.5758,1.1154,0.0000,0.0000,0.0000,0.7027,0.7114,
1.5759,1.1223,0.0000,0.0000,0.0000,0.7027,0.7114,
1.5759,1.1292,0.0000,0.0000,0.0000,0.7027,0.7114,
1.5760,1.1361,0.0000,0.0000,0.0000,0.7027,0.7114,
1.5762,1.1498,0.0000,0.0000,0.0000,0.5945,0.8041,
1.5784,1.1571,0.0000,0.0000,0.0000,0.5945,0.8041,
1.5807,1.1644,0.0000,0.0000,0.0000,0.5945,0.8041,
1.5829,1.1717,0.0000,0.0000,0.0000,0.5945,0.8041,
1.5851,1.1789,0.0000,0.0000,0.0000,0.5945,0.8041,
1.5874,1.1862,0.0000,0.0000,0.0000,0.5945,0.8041,
1.5918,1.2008,0.0000,0.0000,0.0000,0.5016,0.8651,
1.5954,1.2070,0.0000,0.0000,0.0000,0.5016,0.8651,
1.5989,1.2132,0.0000,0.0000,0.0000,0.5016,0.8651,
1.6025,1.2194,0.0000,0.0000,0.0000,0.5016,0.8651,
1.6060,1.2256,0.0000,0.0000,0.0000,0.5016,0.8651,
1.6096,1.2318,0.0000,0.0000,0.0000,0.5016,0.8651,
1.6131,1.2380,0.0000,0.0000,0.0000,0.5016,0.8651,
1.6167,1.2442,0.0000,0.0000,0.0000,0.5016,0.8651,
1.6202,1.2504,0.0000,0.0000,0.0000,0.5016,0.8651,
1.6238,1.2566,0.0000,0.0000,0.0000,0.5016,0.8651,
1.6274,1.2628,0.0000,0.0000,0.0000,0.5016,0.8651,
1.6309,1.2691,0.0000,0.0000,0.0000,0.5016,0.8651,
1.6380,1.2815,0.0000,0.0000,0.0000,0.4277,0.9039,
1.6424,1.2868,0.0000,0.0000,0.0000,0.4277,0.9039,
1.6468,1.2922,0.0000,0.0000,0.0000,0.4277,0.9039,
1.6512,1.2975,0.0000,0.0000,0.0000,0.4277,0.9039,
1.6555,1.3028,0.0000,0.0000,0.0000,0.4277,0.9039,
1.6599,1.3082,0.0000,0.0000,0.0000,0.4277,0.9039,
1.6643,1.3135,0.0000,0.0000,0.0000,0.4277,0.9039,
1.6687,1.3189,0.0000,0.0000,0.0000,0.4277,0.9039,
1.6731,1.3242,0.0000,0.0000,0.0000,0.4277,0.9039,
1.6774,1.3295,0.0000,0.0000,0.0000,0.4277,0.9039,
1.6818,1.3349,0.0000,0.0000,0.0000,0.4277,0.9039,
1.6862,1.3402,0.0000,0.0000,0.0000,0.4277,0.9039,
1.6906,1.3456,0.0000,0.0000,0.0000,0.4277,0.9039,
1.6950,1.3509,0.0000,0.0000,0.0000,0.4277,0.9039,
1.7037,1.3616,0.0000,0.0000,0.0000,0.2597,0.9657,
1.7095,1.3649,0.0000,0.0000,0.0000,0.2597,0.9657,
1.7153,1.3683,0.0000,0.0000,0.0000,0.2597,0.9657,
1.7211,1.3716,0.0000,0.0000,0.0000,0.2597,0.9657,
1.7268,1.3750,0.0000,0.0000,0.0000,0.2597,0.9657,
1.7326,1.3784,0.0000,0.0000,0.0000,0.2597,0.9657,
1.7384,1.3817,0.0000,0.0000,0.0000,0.2597,0.9657,
1.7442,1.3851,0.0000,0.0000,0.0000,0.2597,0.9657,
1.7500,1.3884,0.0000,0.0000,0.0000,0.2597,0.9657,
1.7558,1.3918,0.0000,0.0000,0.0000,0.2597,0.9657,
1.7615,1.3951,0.0000,0.0000,0.0000,0.2597,0.9657,
1.7731,1.4018,0.0000,0.0000,0.0000,0.2039,0.9790,
1.7795,1.4046,0.0000,0.0000,0.0000,0.2039,0.9790,
1.7859,1.4074,0.0000,0.0000,0.0000,0.2039,0.9790,
1.7923,1.4102,0.0000,0.0000,0.0000,0.2039,0.9790,
1.7987,1.4130,0.0000,0.0000,0.0000,0.2039,0.9790,
1.8051,1.4158,0.0000,0.0000,0.0000,0.2039,0.9790,
1.8115,1.4186,0.0000,0.0000,0.0000,0.2039,0.9790,
1.8180,1.4213,0.0000,0.0000,0.0000,0.2039,0.9790,
1.8244,1.4241,0.0000,0.0000,0.0000,0.2039,0.9790,
1.8308,1.4269,0.0000,0.0000,0.0000,0.2039,0.9790,
1.8372,1.4297,0.0000,0.0000,0.0000,0.2039,0.9790,
1.8436,1.4325,0.0000,0.0000,0.0000,0.2039,0.9790,
1.8500,1.4353,0.0000,0.0000,0.0000,0.2039,0.9790,
1.8564,1.4381,0.0000,0.0000,0.0000,0.2039,0.9790,
1.8692,1.4437,0.0000,0.0000,0.0000,0.0036,1.0000,
1.8759,1.4437,0.0000,0.0000,0.0000,0.0036,1.0000,
1.8826,1.4438,0.0000,0.0000,0.0000,0.0036,1.0000,
1.8893,1.4438,0.0000,0.0000,0.0000,0.0036,1.0000,
1.8960,1.4439,0.0000,0.0000,0.0000,0.0036,1.0000,
1.9027,1.4439,0.0000,0.0000,0.0000,0.0036,1.0000,
1.9094,1.4440,0.0000,0.0000,0.0000,0.0036,1.0000,
1.9161,1.4440,0.0000,0.0000,0.0000,0.0036,1.0000,
1.9227,1.4441,0.0000,0.0000,0.0000,0.0036,1.0000,
1.9294,1.4441,0.0000,0.0000,0.0000,0.0036,1.0000,
1.9361,1.4441,0.0000,0.0000,0.0000,0.0036,1.0000,
1.9428,1.4442,0.0000,0.0000,0.0000,0.0036,1.0000,
1.9495,1.4442,0.0000,0.0000,0.0000,0.0036,1.0000,
1.9562,1.4443,0.0000,0.0000,0.0000,0.0036,1.0000,
1.9629,1.4443,0.0000,0.0000,0.0000,0.0036,1.0000,
1.9696,1.4444,0.0000,0.0000,0.0000,0.0036,1.0000,
1.9763,1.4444,0.0000,0.0000,0.0000,0.0036,1.0000,
1.9830,1.4445,0.0000,0.0000,0.0000,0.0036,1.0000,
1.9897,1.4445,0.0000,0.0000,0.0000,0.0036,1.0000,
1.9964,1.4446,0.0000,0.0000,0.0000,0.0036,1.0000,
2.0031,1.4446,0.0000,0.0000,0.0000,0.0036,1.0000,
2.0098,1.4447,0.0000,0.0000,0.0000,0.0036,1.0000,
2.0164,1.4447,0.0000,0.0000,0.0000,0.0036,1.0000,
2.0231,1.4448,0.0000,0.0000,0.0000,0.0036,1.0000,
2.0298,1.4448,0.0000,0.0000,0.0000,0.0036,1.0000,
2.0365,1.4449,0.0000,0.0000,0.0000,0.0036,1.0000,
2.0432,1.4449,0.0000,0.0000,0.0000,0.0036,1.0000,
2.0499,1.4450,0.0000,0.0000,0.0000,0.0036,1.0000,
2.0566,1.4450,0.0000,0.0000,0.0000,0.0036,1.0000,
2.0633,1.4451,0.0000,0.0000,0.0000,0.0036,1.0000,
2.0700,1.4451,0.0000,0.0000,0.0000,0.0036,1.0000,
2.0767,1.4451,0.0000,0.0000,0.0000,0.0036,1.0000,
2.0834,1.4452,0.0000,0.0000,0.0000,0.0036,1.0000,
2.0901,1.4452,0.0000,0.0000,0.0000,0.0036,1.0000,
2.0968,1.4453,0.0000,0.0000,0.0000,0.0036,1.0000,
2.1035,1.4453,0.0000,0.0000,0.0000,0.0036,1.0000,
2.1101,1.4454,0.0000,0.0000,0.0000,0.0036,1.0000,
2.1168,1.4454,0.0000,0.0000,0.0000,0.0036,1.0000,
2.1235,1.4455,0.0000,0.0000,0.0000,0.0036,1.0000,
2.1302,1.4455,0.0000,0.0000,0.0000,0.0036,1.0000,
2.1369,1.4456,0.0000,0.0000,0.0000,0.0036,1.0000,
2.1436,1.4456,0.0000,0.0000,0.0000,0.0036,1.0000,
2.1503,1.4457,0.0000,0.0000,0.0000,0.0036,1.0000,
2.1570,1.4457,0.0000,0.0000,0.0000,0.0036,1.0000,
2.1637,1.4458,0.0000,0.0000,0.0000,0.0036,1.0000,
2.1704,1.4458,0.0000,0.0000,0.0000,0.0036,1.0000,
2.1771,1.4459,0.0000,0.0000,0.0000,0.0036,1.0000,
2.1838,1.4459,0.0000,0.0000,0.0000,0.0036,1.0000,
2.1905,1.4460,0.0000,0.0000,0.0000,0.0036,1.0000,
2.1972,1.4460,0.0000,0.0000,0.0000,0.0036,1.0000,
2.2038,1.4461,0.0000,0.0000,0.0000,0.0036,1.0000,
2.2105,1.4461,0.0000,0.0000,0.0000,0.0036,1.0000,
2.2172,1.4461,0.0000,0.0000,0.0000,0.0036,1.0000,
2.2239,1.4462,0.0000,0.0000,0.0000,0.0036,1.0000,
2.2306,1.4462,0.0000,0.0000,0.0000,0.0036,1.0000,
2.2373,1.4463,0.0000,0.0000,0.0000,0.0036,1.0000,
