2.2487,1.4420,0.0000,0.0000,0.0000,-0.0163,0.9999,
2.2555,1.4418,0.0000,0.0000,0.0000,-0.0163,0.9999,
2.2623,1.4416,0.0000,0.0000,0.0000,-0.0163,0.9999,
2.2692,1.4413,0.0000,0.0000,0.0000,-0.0163,0.9999,
2.2760,1.4411,0.0000,0.0000,0.0000,-0.0163,0.9999,
2.2828,1.4409,0.0000,0.0000,0.0000,-0.0163,0.9999,
2.2896,1.4407,0.0000,0.0000,0.0000,-0.0163,0.9999,
2.2965,1.4405,0.0000,0.0000,0.0000,-0.0163,0.9999,
2.3033,1.4402,0.0000,0.0000,0.0000,-0.0163,0.9999,
2.3101,1.4400,0.0000,0.0000,0.0000,-0.0163,0.9999,
2.3170,1.4398,0.0000,0.0000,0.0000,-0.0163,0.9999,
2.3238,1.4396,0.0000,0.0000,0.0000,-0.0163,0.9999,
2.3306,1.4393,0.0000,0.0000,0.0000,-0.0163,0.9999,
2.3375,1.4391,0.0000,0.0000,0.0000,-0.0163,0.9999,
2.3443,1.4389,0.0000,0.0000,0.0000,-0.0163,0.9999,
2.3511,1.4387,0.0000,0.0000,0.0000,-0.0163,0.9999,
2.3580,1.4384,0.0000,0.0000,0.0000,-0.0163,0.9999,
2.3648,1.4382,0.0000,0.0000,0.0000,-0.0163,0.9999,
2.3716,1.4380,0.0000,0.0000,0.0000,-0.0163,0.9999,
2.3784,1.4378,0.0000,0.0000,0.0000,-0.0163,0.9999,
2.3853,1.4376,0.0000,0.0000,0.0000,-0.0163,0.9999,
2.3921,1.4373,0.0000,0.0000,0.0000,-0.0163,0.9999,
2.3989,1.4371,0.0000,0.0000,0.0000,-0.0163,0.9999,
2.4058,1.4369,0.0000,0.0000,0.0000,-0.0163,0.9999,
2.4126,1.4367,0.0000,0.0000,0.0000,-0.0163,0.9999,
2.4194,1.4364,0.0000,0.0000,0.0000,-0.0163,0.9999,
2.4263,1.4362,0.0000,0.0000,0.0000,-0.0163,0.9999,
2.4331,1.4360,0.0000,0.0000,0.0000,-0.0163,0.9999,
2.4399,1.4358,0.0000,0.0000,0.0000,-0.0163,0.9999,
2.4467,1.4356,0.0000,0.0000,0.0000,-0.0163,0.9999,
2.4536,1.4353,0.0000,0.0000,0.0000,-0.0163,0.9999,
2.4604,1.4351,0.0000,0.0000,0.0000,-0.0163,0.9999,
2.4672,1.4349,0.0000,0.0000,0.0000,-0.0163,0.9999,
2.4741,1.4347,0.0000,0.0000,0.0000,-0.0163,0.9999,
2.4809,1.4344,0.0000,0.0000,0.0000,-0.0163,0.9999,
2.4877,1.4342,0.0000,0.0000,0.0000,-0.0163,0.9999,
2.4946,1.4340,0.0000,0.0000,0.0000,-0.0163,0.9999,
2.5014,1.4338,0.0000,0.0000,0.0000,-0.0163,0.9999,
2.5151,1.4333,0.0000,0.0000,0.0000,-0.1536,0.9881,
2.5217,1.4312,0.0000,0.0000,0.0000,-0.1536,0.9881,
2.5284,1.4291,0.0000,0.0000,0.0000,-0.1536,0.9881,
2.5351,1.4270,0.0000,0.0000,0.0000,-0.1536,0.9881,
2.5417,1.4248,0.0000,0.0000,0.0000,-0.1536,0.9881,
2.5484,1.4227,0.0000,0.0000,0.0000,-0.1536,0.9881,
2.5551,1.4206,0.0000,0.0000,0.0000,-0.1536,0.9881,
2.5617,1.4185,0.0000,0.0000,0.0000,-0.1536,0.9881,
2.5684,1.4163,0.0000,0.0000,0.0000,-0.1536,0.9881,
2.5817,1.4121,0.0000,0.0000,0.0000,-0.2818,0.9595,
2.5875,1.4084,0.0000,0.0000,0.0000,-0.2818,0.9595,
2.5933,1.4047,0.0000,0.0000,0.0000,-0.2818,0.9595,
2.5990,1.4010,0.0000,0.0000,0.0000,-0.2818,0.9595,
2.6048,1.3973,0.0000,0.0000,0.0000,-0.2818,0.9595,
2.6105,1.3936,0.0000,0.0000,0.0000,-0.2818,0.9595,
2.6163,1.3899,0.0000,0.0000,0.0000,-0.2818,0.9595,
2.6220,1.3862,0.0000,0.0000,0.0000,-0.2818,0.9595,
2.6278,1.3825,0.0000,0.0000,0.0000,-0.2818,0.9595,
2.6393,1.3751,0.0000,0.0000,0.0000,-0.4413,0.8974,
2.6436,1.3695,0.0000,0.0000,0.0000,-0.4413,0.8974,
2.6479,1.3639,0.0000,0.0000,0.0000,-0.4413,0.8974,
2.6522,1.3583,0.0000,0.0000,0.0000,-0.4413,0.8974,
2.6566,1.3527,0.0000,0.0000,0.0000,-0.4413,0.8974,
2.6609,1.3471,0.0000,0.0000,0.0000,-0.4413,0.8974,
2.6652,1.3415,0.0000,0.0000,0.0000,-0.4413,0.8974,
2.6695,1.3359,0.0000,0.0000,0.0000,-0.4413,0.8974,
2.6738,1.3303,0.0000,0.0000,0.0000,-0.4413,0.8974,
2.6824,1.3191,0.0000,0.0000,0.0000,-0.5787,0.8156,
2.6847,1.3125,0.0000,0.0000,0.0000,-0.5787,0.8156,
2.6870,1.3060,0.0000,0.0000,0.0000,-0.5787,0.8156,
2.6893,1.2994,0.0000,0.0000,0.0000,-0.5787,0.8156,
2.6916,1.2929,0.0000,0.0000,0.0000,-0.5787,0.8156,
2.6939,1.2863,0.0000,0.0000,0.0000,-0.5787,0.8156,
2.6962,1.2797,0.0000,0.0000,0.0000,-0.5787,0.8156,
2.6985,1.2732,0.0000,0.0000,0.0000,-0.5787,0.8156,
2.7008,1.2666,0.0000,0.0000,0.0000,-0.5787,0.8156,
2.7031,1.2601,0.0000,0.0000,0.0000,-0.5787,0.8156,
2.7054,1.2535,0.0000,0.0000,0.0000,-0.5787,0.8156,
2.7077,1.2469,0.0000,0.0000,0.0000,-0.5787,0.8156,
2.7100,1.2404,0.0000,0.0000,0.0000,-0.5787,0.8156,
2.7123,1.2338,0.0000,0.0000,0.0000,-0.5787,0.8156,
2.7169,1.2207,0.0000,0.0000,0.0000,-0.6819,0.7315,
2.7174,1.2140,0.0000,0.0000,0.0000,-0.6819,0.7315,
2.7178,1.2072,0.0000,0.0000,0.0000,-0.6819,0.7315,
2.7183,1.2005,0.0000,0.0000,0.0000,-0.6819,0.7315,
2.7188,1.1938,0.0000,0.0000,0.0000,-0.6819,0.7315,
2.7192,1.1871,0.0000,0.0000,0.0000,-0.6819,0.7315,
2.7197,1.1803,0.0000,0.0000,0.0000,-0.6819,0.7315,
2.7202,1.1736,0.0000,0.0000,0.0000,-0.6819,0.7315,
2.7207,1.1669,0.0000,0.0000,0.0000,-0.6819,0.7315,
2.7211,1.1602,0.0000,0.0000,0.0000,-0.6819,0.7315,
2.7216,1.1535,0.0000,0.0000,0.0000,-0.6819,0.7315,
2.7221,1.1467,0.0000,0.0000,0.0000,-0.6819,0.7315,
2.7226,1.1400,0.0000,0.0000,0.0000,-0.6819,0.7315,
2.7230,1.1333,0.0000,0.0000,0.0000,-0.6819,0.7315,
2.7235,1.1266,0.0000,0.0000,0.0000,-0.6819,0.7315,
2.7240,1.1198,0.0000,0.0000,0.0000,-0.6819,0.7315,
2.7244,1.1131,0.0000,0.0000,0.0000,-0.6819,0.7315,
2.7249,1.1064,0.0000,0.0000,0.0000,-0.6819,0.7315,
2.7254,1.0997,0.0000,0.0000,0.0000,-0.6819,0.7315,
2.7259,1.0929,0.0000,0.0000,0.0000,-0.6819,0.7315,
2.7263,1.0862,0.0000,0.0000,0.0000,-0.6819,0.7315,
2.7268,1.0795,0.0000,0.0000,0.0000,-0.6819,0.7315,
2.7273,1.0728,0.0000,0.0000,0.0000,-0.6819,0.7315,
2.7278,1.0660,0.0000,0.0000,0.0000,-0.6819,0.7315,
2.7282,1.0593,0.0000,0.0000,0.0000,-0.6819,0.7315,
2.7287,1.0526,0.0000,0.0000,0.0000,-0.6819,0.7315,
2.7292,1.0459,0.0000,0.0000,0.0000,-0.6819,0.7315,
2.7296,1.0391,0.0000,0.0000,0.0000,-0.6819,0.7315,
2.7301,1.0324,0.0000,0.0000,0.0000,-0.6819,0.7315,
