2.2441,1.4430,0.0000,0.0000,0.0000,0.0055,1.0000,
2.2508,1.4431,0.0000,0.0000,0.0000,0.0055,1.0000,
2.2575,1.4431,0.0000,0.0000,0.0000,0.0055,1.0000,
2.2642,1.4432,0.0000,0.0000,0.0000,0.0055,1.0000,
2.2709,1.4433,0.0000,0.0000,0.0000,0.0055,1.0000,
2.2776,1.4434,0.0000,0.0000,0.0000,0.0055,1.0000,
2.2843,1.4434,0.0000,0.0000,0.0000,0.0055,1.0000,
2.2910,1.4435,0.0000,0.0000,0.0000,0.0055,1.0000,
2.2977,1.4436,0.0000,0.0000,0.0000,0.0055,1.0000,
2.3044,1.4437,0.0000,0.0000,0.0000,0.0055,1.0000,
2.3112,1.4437,0.0000,0.0000,0.0000,0.0055,1.0000,
2.3179,1.4438,0.0000,0.0000,0.0000,0.0055,1.0000,
2.3246,1.4439,0.0000,0.0000,0.0000,0.0055,1.0000,
2.3313,1.4439,0.0000,0.0000,0.0000,0.0055,1.0000,
2.3380,1.4440,0.0000,0.0000,0.0000,0.0055,1.0000,
2.3447,1.4441,0.0000,0.0000,0.0000,0.0055,1.0000,
2.3514,1.4442,0.0000,0.0000,0.0000,0.0055,1.0000,
2.3581,1.4442,0.0000,0.0000,0.0000,0.0055,1.0000,
2.3648,1.4443,0.0000,0.0000,0.0000,0.0055,1.0000,
2.3715,1.4444,0.0000,0.0000,0.0000,0.0055,1.0000,
2.3782,1.4445,0.0000,0.0000,0.0000,0.0055,1.0000,
2.3849,1.4445,0.0000,0.0000,0.0000,0.0055,1.0000,
2.3916,1.4446,0.0000,0.0000,0.0000,0.0055,1.0000,
2.3983,1.4447,0.0000,0.0000,0.0000,0.0055,1.0000,
2.4050,1.4448,0.0000,0.0000,0.0000,0.0055,1.0000,
2.4117,1.4448,0.0000,0.0000,0.0000,0.0055,1.0000,
2.4184,1.4449,0.0000,0.0000,0.0000,0.0055,1.0000,
2.4251,1.4450,0.0000,0.0000,0.0000,0.0055,1.0000,
2.4318,1.4451,0.0000,0.0000,0.0000,0.0055,1.0000,
2.4385,1.4451,0.0000,0.0000,0.0000,0.0055,1.0000,
2.4452,1.4452,0.0000,0.0000,0.0000,0.0055,1.0000,
2.4519,1.4453,0.0000,0.0000,0.0000,0.0055,1.0000,
2.4586,1.4453,0.0000,0.0000,0.0000,0.0055,1.0000,
2.4653,1.4454,0.0000,0.0000,0.0000,0.0055,1.0000,
2.4720,1.4455,0.0000,0.0000,0.0000,0.0055,1.0000,
2.4787,1.4456,0.0000,0.0000,0.0000,0.0055,1.0000,
2.4854,1.4456,0.0000,0.0000,0.0000,0.0055,1.0000,
2.4921,1.4457,0.0000,0.0000,0.0000,0.0055,1.0000,
2.4988,1.4458,0.0000,0.0000,0.0000,0.0055,1.0000,
2.5055,1.4459,0.0000,0.0000,0.0000,0.0055,1.0000,
2.5122,1.4459,0.0000,0.0000,0.0000,0.0055,1.0000,
2.5189,1.4460,0.0000,0.0000,0.0000,0.0055,1.0000,
2.5256,1.4461,0.0000,0.0000,0.0000,0.0055,1.0000,
2.5323,1.4462,0.0000,0.0000,0.0000,0.0055,1.0000,
2.5457,1.4463,0.0000,0.0000,0.0000,0.0682,0.9977,
2.5524,1.4472,0.0000,0.0000,0.0000,0.0682,0.9977,
2.5591,1.4481,0.0000,0.0000,0.0000,0.0682,0.9977,
2.5657,1.4491,0.0000,0.0000,0.0000,0.0682,0.9977,
2.5724,1.4500,0.0000,0.0000,0.0000,0.0682,0.9977,
2.5791,1.4509,0.0000,0.0000,0.0000,0.0682,0.9977,
2.5858,1.4518,0.0000,0.0000,0.0000,0.0682,0.9977,
2.5925,1.4527,0.0000,0.0000,0.0000,0.0682,0.9977,
2.5992,1.4537,0.0000,0.0000,0.0000,0.0682,0.9977,
2.6059,1.4546,0.0000,0.0000,0.0000,0.0682,0.9977,
2.6126,1.4555,0.0000,0.0000,0.0000,0.0682,0.9977,
2.6192,1.4564,0.0000,0.0000,0.0000,0.0682,0.9977,
2.6259,1.4573,0.0000,0.0000,0.0000,0.0682,0.9977,
2.6326,1.4583,0.0000,0.0000,0.0000,0.0682,0.9977,
2.6393,1.4592,0.0000,0.0000,0.0000,0.0682,0.9977,
2.6460,1.4601,0.0000,0.0000,0.0000,0.0682,0.9977,
2.6527,1.4610,0.0000,0.0000,0.0000,0.0682,0.9977,
2.6594,1.4619,0.0000,0.0000,0.0000,0.0682,0.9977,
2.6661,1.4629,0.0000,0.0000,0.0000,0.0682,0.9977,
2.6728,1.4638,0.0000,0.0000,0.0000,0.0682,0.9977,
2.6861,1.4656,0.0000,0.0000,0.0000,0.1413,0.9900,
2.6928,1.4675,0.0000,0.0000,0.0000,0.1413,0.9900,
2.6994,1.4695,0.0000,0.0000,0.0000,0.1413,0.9900,
2.7060,1.4714,0.0000,0.0000,0.0000,0.1413,0.9900,
2.7127,1.4733,0.0000,0.0000,0.0000,0.1413,0.9900,
2.7193,1.4753,0.0000,0.0000,0.0000,0.1413,0.9900,
2.7259,1.4772,0.0000,0.0000,0.0000,0.1413,0.9900,
2.7326,1.4791,0.0000,0.0000,0.0000,0.1413,0.9900,
2.7392,1.4811,0.0000,0.0000,0.0000,0.1413,0.9900,
2.7458,1.4830,0.0000,0.0000,0.0000,0.1413,0.9900,
2.7525,1.4849,0.0000,0.0000,0.0000,0.1413,0.9900,
2.7591,1.4869,0.0000,0.0000,0.0000,0.1413,0.9900,
2.7657,1.4888,0.0000,0.0000,0.0000,0.1413,0.9900,
2.7724,1.4907,0.0000,0.0000,0.0000,0.1413,0.9900,
2.7857,1.4946,0.0000,0.0000,0.0000,0.2304,0.9731,
2.7918,1.4977,0.0000,0.0000,0.0000,0.2304,0.9731,
2.7980,1.5008,0.0000,0.0000,0.0000,0.2304,0.9731,
2.8041,1.5039,0.0000,0.0000,0.0000,0.2304,0.9731,
2.8103,1.5070,0.0000,0.0000,0.0000,0.2304,0.9731,
2.8164,1.5100,0.0000,0.0000,0.0000,0.2304,0.9731,
2.8226,1.5131,0.0000,0.0000,0.0000,0.2304,0.9731,
2.8287,1.5162,0.0000,0.0000,0.0000,0.2304,0.9731,
2.8349,1.5193,0.0000,0.0000,0.0000,0.2304,0.9731,
2.8410,1.5224,0.0000,0.0000,0.0000,0.2304,0.9731,
2.8472,1.5255,0.0000,0.0000,0.0000,0.2304,0.9731,
2.8595,1.5316,0.0000,0.0000,0.0000,0.3211,0.9470,
2.8648,1.5357,0.0000,0.0000,0.0000,0.3211,0.9470,
2.8701,1.5398,0.0000,0.0000,0.0000,0.3211,0.9470,
2.8755,1.5439,0.0000,0.0000,0.0000,0.3211,0.9470,
2.8808,1.5480,0.0000,0.0000,0.0000,0.3211,0.9470,
2.8862,1.5521,0.0000,0.0000,0.0000,0.3211,0.9470,
2.8915,1.5562,0.0000,0.0000,0.0000,0.3211,0.9470,
2.8968,1.5603,0.0000,0.0000,0.0000,0.3211,0.9470,
2.9075,1.5685,0.0000,0.0000,0.0000,0.5374,0.8433,
2.9105,1.5749,0.0000,0.0000,0.0000,0.5374,0.8433,
2.9135,1.5814,0.0000,0.0000,0.0000,0.5374,0.8433,
2.9165,1.5878,0.0000,0.0000,0.0000,0.5374,0.8433,
2.9196,1.5943,0.0000,0.0000,0.0000,0.5374,0.8433,
2.9226,1.6008,0.0000,0.0000,0.0000,0.5374,0.8433,
2.9256,1.6072,0.0000,0.0000,0.0000,0.5374,0.8433,
2.9286,1.6137,0.0000,0.0000,0.0000,0.5374,0.8433,
2.9316,1.6202,0.0000,0.0000,0.0000,0.5374,0.8433,
2.9346,1.6266,0.0000,0.0000,0.0000,0.5374,0.8433,
2.9376,1.6331,0.0000,0.0000,0.0000,0.5374,0.8433,
2.9406,1.6395,0.0000,0.0000,0.0000,0.5374,0.8433,
2.9467,1.6525,0.0000,0.0000,0.0000,0.6133,0.7898,
2.9483,1.6590,0.0000,0.0000,0.0000,0.6133,0.7898,
2.9500,1.6656,0.0000,0.0000,0.0000,0.6133,0.7898,
2.9517,1.6722,0.0000,0.0000,0.0000,0.6133,0.7898,
2.9534,1.6787,0.0000,0.0000,0.0000,0.6133,0.7898,
2.9551,1.6853,0.0000,0.0000,0.0000,0.6133,0.7898,
2.9567,1.6919,0.0000,0.0000,0.0000,0.6133,0.7898,
2.9584,1.6984,0.0000,0.0000,0.0000,0.6133,0.7898,
2.9601,1.7050,0.0000,0.0000,0.0000,0.6133,0.7898,
2.9618,1.7116,0.0000,0.0000,0.0000,0.6133,0.7898,
2.9634,1.7182,0.0000,0.0000,0.0000,0.6133,0.7898,
2.9651,1.7247,0.0000,0.0000,0.0000,0.6133,0.7898,
2.9668,1.7313,0.0000,0.0000,0.0000,0.6133,0.7898,
2.9685,1.7379,0.0000,0.0000,0.0000,0.6133,0.7898,
2.9702,1.7444,0.0000,0.0000,0.0000,0.6133,0.7898,
2.9718,1.7510,0.0000,0.0000,0.0000,0.6133,0.7898,
2.9735,1.7576,0.0000,0.0000,0.0000,0.6133,0.7898,
2.9769,1.7707,0.0000,0.0000,0.0000,0.6571,0.7538,
2.9778,1.7773,0.0000,0.0000,0.0000,0.6571,0.7538,
2.9787,1.7839,0.0000,0.0000,0.0000,0.6571,0.7538,
2.9796,1.7906,0.0000,0.0000,0.0000,0.6571,0.7538,
2.9805,1.7972,0.0000,0.0000,0.0000,0.6571,0.7538,
2.9814,1.8038,0.0000,0.0000,0.0000,0.6571,0.7538,
2.9823,1.8104,0.0000,0.0000,0.0000,0.6571,0.7538,
2.9833,1.8170,0.0000,0.0000,0.0000,0.6571,0.7538,
2.9842,1.8236,0.0000,0.0000,0.0000,0.6571,0.7538,
2.9851,1.8302,0.0000,0.0000,0.0000,0.6571,0.7538,
2.9860,1.8369,0.0000,0.0000,0.0000,0.6571,0.7538,
2.9869,1.8435,0.0000,0.0000,0.0000,0.6571,0.7538,
2.9878,1.8501,0.0000,0.0000,0.0000,0.6571,0.7538,
2.9887,1.8567,0.0000,0.0000,0.0000,0.6571,0.7538,
2.9896,1.8633,0.0000,0.0000,0.0000,0.6571,0.7538,
2.9905,1.8699,0.0000,0.0000,0.0000,0.6571,0.7538,
2.9915,1.8765,0.0000,0.0000,0.0000,0.6571,0.7538,
2.9924,1.8832,0.0000,0.0000,0.0000,0.6571,0.7538,
2.9942,1.8964,0.0000,0.0000,0.0000,0.6977,0.7164,
2.9944,1.9032,0.0000,0.0000,0.0000,0.6977,0.7164,
2.9946,1.9100,0.0000,0.0000,0.0000,0.6977,0.7164,
2.9947,1.9168,0.0000,0.0000,0.0000,0.6977,0.7164,
2.9949,1.9236,0.0000,0.0000,0.0000,0.6977,0.7164,
2.9951,1.9305,0.0000,0.0000,0.0000,0.6977,0.7164,
2.9953,1.9373,0.0000,0.0000,0.0000,0.6977,0.7164,
2.9955,1.9441,0.0000,0.0000,0.0000,0.6977,0.7164,
2.9956,1.9509,0.0000,0.0000,0.0000,0.6977,0.7164,
2.9958,1.9577,0.0000,0.0000,0.0000,0.6977,0.7164,
2.9960,1.9645,0.0000,0.0000,0.0000,0.6977,0.7164,
2.9962,1.9714,0.0000,0.0000,0.0000,0.6977,0.7164,
2.9964,1.9782,0.0000,0.0000,0.0000,0.6977,0.7164,
2.9965,1.9850,0.0000,0.0000,0.0000,0.6977,0.7164,
2.9967,1.9918,0.0000,0.0000,0.0000,0.6977,0.7164,
2.9969,1.9986,0.0000,0.0000,0.0000,0.6977,0.7164,
2.9971,2.0054,0.0000,0.0000,0.0000,0.6977,0.7164,
2.9973,2.0123,0.0000,0.0000,0.0000,0.6977,0.7164,
2.9975,2.0191,0.0000,0.0000,0.0000,0.6977,0.7164,
2.9976,2.0259,0.0000,0.0000,0.0000,0.6977,0.7164,
2.9978,2.0327,0.0000,0.0000,0.0000,0.6977,0.7164,
2.9980,2.0395,0.0000,0.0000,0.0000,0.6977,0.7164,
2.9982,2.0463,0.0000,0.0000,0.0000,0.6977,0.7164,
2.9984,2.0532,0.0000,0.0000,0.0000,0.6977,0.7164,
2.9985,2.0600,0.0000,0.0000,0.0000,0.6977,0.7164,
2.9987,2.0668,0.0000,0.0000,0.0000,0.6977,0.7164,
2.9989,2.0736,0.0000,0.0000,0.0000,0.6977,0.7164,
2.9991,2.0804,0.0000,0.0000,0.0000,0.6977,0.7164,
2.9993,2.0872,0.0000,0.0000,0.0000,0.6977,0.7164,
2.9994,2.0941,0.0000,0.0000,0.0000,0.6977,0.7164,
2.9996,2.1009,0.0000,0.0000,0.0000,0.6977,0.7164,
2.9998,2.1077,0.0000,0.0000,0.0000,0.6977,0.7164,
3.0000,2.1145,0.0000,0.0000,0.0000,0.6977,0.7164,
3.0002,2.1213,0.0000,0.0000,0.0000,0.6977,0.7164,
3.0004,2.1281,0.0000,0.0000,0.0000,0.6977,0.7164,
3.0005,2.1350,0.0000,0.0000,0.0000,0.6977,0.7164,
