3.4959,1.7157,0.0000,0.0000,0.0000,0.9998,0.0214,
3.4890,1.7160,0.0000,0.0000,0.0000,0.9998,0.0214,
3.4822,1.7163,0.0000,0.0000,0.0000,0.9998,0.0214,
3.4753,1.7166,0.0000,0.0000,0.0000,0.9998,0.0214,
3.4685,1.7169,0.0000,0.0000,0.0000,0.9998,0.0214,
3.4616,1.7172,0.0000,0.0000,0.0000,0.9998,0.0214,
3.4548,1.7175,0.0000,0.0000,0.0000,0.9998,0.0214,
3.4480,1.7177,0.0000,0.0000,0.0000,0.9998,0.0214,
3.4411,1.7180,0.0000,0.0000,0.0000,0.9998,0.0214,
3.4343,1.7183,0.0000,0.0000,0.0000,0.9998,0.0214,
3.4274,1.7186,0.0000,0.0000,0.0000,0.9998,0.0214,
3.4206,1.7189,0.0000,0.0000,0.0000,0.9998,0.0214,
3.4137,1.7192,0.0000,0.0000,0.0000,0.9998,0.0214,
3.4069,1.7195,0.0000,0.0000,0.0000,0.9998,0.0214,
3.4000,1.7198,0.0000,0.0000,0.0000,0.9998,0.0214,
3.3932,1.7201,0.0000,0.0000,0.0000,0.9998,0.0214,
3.3863,1.7204,0.0000,0.0000,0.0000,0.9998,0.0214,
3.3795,1.7207,0.0000,0.0000,0.0000,0.9998,0.0214,
3.3727,1.7210,0.0000,0.0000,0.0000,0.9998,0.0214,
3.3658,1.7213,0.0000,0.0000,0.0000,0.9998,0.0214,
3.3590,1.7216,0.0000,0.0000,0.0000,0.9998,0.0214,
3.3521,1.7218,0.0000,0.0000,0.0000,0.9998,0.0214,
3.3453,1.7221,0.0000,0.0000,0.0000,0.9998,0.0214,
3.3384,1.7224,0.0000,0.0000,0.0000,0.9998,0.0214,
3.3316,1.7227,0.0000,0.0000,0.0000,0.9998,0.0214,
3.3247,1.7230,0.0000,0.0000,0.0000,0.9998,0.0214,
3.3179,1.7233,0.0000,0.0000,0.0000,0.9998,0.0214,
3.3110,1.7236,0.0000,0.0000,0.0000,0.9998,0.0214,
3.2974,1.7242,0.0000,0.0000,0.0000,0.9974,0.0722,
3.2904,1.7252,0.0000,0.0000,0.0000,0.9974,0.0722,
3.2835,1.7262,0.0000,0.0000,0.0000,0.9974,0.0722,
3.2766,1.7272,0.0000,0.0000,0.0000,0.9974,0.0722,
3.2697,1.7282,0.0000,0.0000,0.0000,0.9974,0.0722,
3.2627,1.7292,0.0000,0.0000,0.0000,0.9974,0.0722,
3.2558,1.7302,0.0000,0.0000,0.0000,0.9974,0.0722,
3.2489,1.7312,0.0000,0.0000,0.0000,0.9974,0.0722,
3.2420,1.7322,0.0000,0.0000,0.0000,0.9974,0.0722,
3.2350,1.7333,0.0000,0.0000,0.0000,0.9974,0.0722,
3.2281,1.7343,0.0000,0.0000,0.0000,0.9974,0.0722,
3.2212,1.7353,0.0000,0.0000,0.0000,0.9974,0.0722,
3.2143,1.7363,0.0000,0.0000,0.0000,0.9974,0.0722,
3.2004,1.7383,0.0000,0.0000,0.0000,0.9839,0.1788,
3.1937,1.7408,0.0000,0.0000,0.0000,0.9839,0.1788,
3.1869,1.7434,0.0000,0.0000,0.0000,0.9839,0.1788,
3.1802,1.7459,0.0000,0.0000,0.0000,0.9839,0.1788,
3.1734,1.7484,0.0000,0.0000,0.0000,0.9839,0.1788,
3.1667,1.7510,0.0000,0.0000,0.0000,0.9839,0.1788,
3.1600,1.7535,0.0000,0.0000,0.0000,0.9839,0.1788,
3.1532,1.7560,0.0000,0.0000,0.0000,0.9839,0.1788,
3.1397,1.7611,0.0000,0.0000,0.0000,0.9392,0.3434,
3.1346,1.7654,0.0000,0.0000,0.0000,0.9392,0.3434,
3.1295,1.7698,0.0000,0.0000,0.0000,0.9392,0.3434,
3.1244,1.7741,0.0000,0.0000,0.0000,0.9392,0.3434,
3.1192,1.7784,0.0000,0.0000,0.0000,0.9392,0.3434,
3.1141,1.7827,0.0000,0.0000,0.0000,0.9392,0.3434,
3.1090,1.7871,0.0000,0.0000,0.0000,0.9392,0.3434,
3.1039,1.7914,0.0000,0.0000,0.0000,0.9392,0.3434,
3.0987,1.7957,0.0000,0.0000,0.0000,0.9392,0.3434,
3.0885,1.8044,0.0000,0.0000,0.0000,0.9016,0.4326,
3.0839,1.8100,0.0000,0.0000,0.0000,0.9016,0.4326,
3.0794,1.8157,0.0000,0.0000,0.0000,0.9016,0.4326,
3.0748,1.8214,0.0000,0.0000,0.0000,0.9016,0.4326,
3.0702,1.8271,0.0000,0.0000,0.0000,0.9016,0.4326,
3.0657,1.8328,0.0000,0.0000,0.0000,0.9016,0.4326,
3.0611,1.8385,0.0000,0.0000,0.0000,0.9016,0.4326,
3.0566,1.8442,0.0000,0.0000,0.0000,0.9016,0.4326,
3.0474,1.8555,0.0000,0.0000,0.0000,0.8494,0.5277,
3.0443,1.8619,0.0000,0.0000,0.0000,0.8494,0.5277,
3.0411,1.8683,0.0000,0.0000,0.0000,0.8494,0.5277,
3.0380,1.8747,0.0000,0.0000,0.0000,0.8494,0.5277,
3.0348,1.8811,0.0000,0.0000,0.0000,0.8494,0.5277,
3.0317,1.8875,0.0000,0.0000,0.0000,0.8494,0.5277,
3.0285,1.8939,0.0000,0.0000,0.0000,0.8494,0.5277,
3.0253,1.9002,0.0000,0.0000,0.0000,0.8494,0.5277,
3.0190,1.9130,0.0000,0.0000,0.0000,0.7683,0.6401,
3.0178,1.9196,0.0000,0.0000,0.0000,0.7683,0.6401,
3.0166,1.9262,0.0000,0.0000,0.0000,0.7683,0.6401,
3.0154,1.9329,0.0000,0.0000,0.0000,0.7683,0.6401,
3.0142,1.9395,0.0000,0.0000,0.0000,0.7683,0.6401,
3.0130,1.9461,0.0000,0.0000,0.0000,0.7683,0.6401,
3.0117,1.9527,0.0000,0.0000,0.0000,0.7683,0.6401,
3.0105,1.9593,0.0000,0.0000,0.0000,0.7683,0.6401,
3.0093,1.9659,0.0000,0.0000,0.0000,0.7683,0.6401,
3.0081,1.9725,0.0000,0.0000,0.0000,0.7683,0.6401,
3.0069,1.9792,0.0000,0.0000,0.0000,0.7683,0.6401,
3.0057,1.9858,0.0000,0.0000,0.0000,0.7683,0.6401,
3.0045,1.9924,0.0000,0.0000,0.0000,0.7683,0.6401,
3.0032,1.9990,0.0000,0.0000,0.0000,0.7683,0.6401,
3.0008,2.0122,0.0000,0.0000,0.0000,0.7094,0.7049,
3.0008,2.0191,0.0000,0.0000,0.0000,0.7094,0.7049,
3.0007,2.0259,0.0000,0.0000,0.0000,0.7094,0.7049,
3.0007,2.0327,0.0000,0.0000,0.0000,0.7094,0.7049,
3.0006,2.0395,0.0000,0.0000,0.0000,0.7094,0.7049,
3.0006,2.0464,0.0000,0.0000,0.0000,0.7094,0.7049,
3.0006,2.0532,0.0000,0.0000,0.0000,0.7094,0.7049,
3.0005,2.0600,0.0000,0.0000,0.0000,0.7094,0.7049,
3.0005,2.0668,0.0000,0.0000,0.0000,0.7094,0.7049,
3.0004,2.0737,0.0000,0.0000,0.0000,0.7094,0.7049,
3.0004,2.0805,0.0000,0.0000,0.0000,0.7094,0.7049,
3.0003,2.0873,0.0000,0.0000,0.0000,0.7094,0.7049,
3.0003,2.0942,0.0000,0.0000,0.0000,0.7094,0.7049,
3.0003,2.1010,0.0000,0.0000,0.0000,0.7094,0.7049,
3.0002,2.1078,0.0000,0.0000,0.0000,0.7094,0.7049,
3.0002,2.1146,0.0000,0.0000,0.0000,0.7094,0.7049,
3.0001,2.1215,0.0000,0.0000,0.0000,0.7094,0.7049,
3.0001,2.1283,0.0000,0.0000,0.0000,0.7094,0.7049,
3.0000,2.1351,0.0000,0.0000,0.0000,0.7094,0.7049,
3.0000,2.1419,0.0000,0.0000,0.0000,0.7094,0.7049,
