3.4948,1.7177,0.0000,0.0000,0.0000,-0.9997,0.0228,
3.4881,1.7174,0.0000,0.0000,0.0000,-0.9997,0.0228,
3.4813,1.7171,0.0000,0.0000,0.0000,-0.9997,0.0228,
3.4745,1.7168,0.0000,0.0000,0.0000,-0.9997,0.0228,
3.4678,1.7164,0.0000,0.0000,0.0000,-0.9997,0.0228,
3.4610,1.7161,0.0000,0.0000,0.0000,-0.9997,0.0228,
3.4542,1.7158,0.0000,0.0000,0.0000,-0.9997,0.0228,
3.4475,1.7155,0.0000,0.0000,0.0000,-0.9997,0.0228,
3.4407,1.7152,0.0000,0.0000,0.0000,-0.9997,0.0228,
3.4339,1.7149,0.0000,0.0000,0.0000,-0.9997,0.0228,
3.4272,1.7146,0.0000,0.0000,0.0000,-0.9997,0.0228,
3.4204,1.7143,0.0000,0.0000,0.0000,-0.9997,0.0228,
3.4136,1.7140,0.0000,0.0000,0.0000,-0.9997,0.0228,
3.4069,1.7137,0.0000,0.0000,0.0000,-0.9997,0.0228,
3.4001,1.7134,0.0000,0.0000,0.0000,-0.9997,0.0228,
3.3933,1.7131,0.0000,0.0000,0.0000,-0.9997,0.0228,
3.3866,1.7127,0.0000,0.0000,0.0000,-0.9997,0.0228,
3.3798,1.7124,0.0000,0.0000,0.0000,-0.9997,0.0228,
3.3730,1.7121,0.0000,0.0000,0.0000,-0.9997,0.0228,
3.3663,1.7118,0.0000,0.0000,0.0000,-0.9997,0.0228,
3.3595,1.7115,0.0000,0.0000,0.0000,-0.9997,0.0228,
3.3527,1.7112,0.0000,0.0000,0.0000,-0.9997,0.0228,
3.3460,1.7109,0.0000,0.0000,0.0000,-0.9997,0.0228,
3.3392,1.7106,0.0000,0.0000,0.0000,-0.9997,0.0228,
3.3324,1.7103,0.0000,0.0000,0.0000,-0.9997,0.0228,
3.3257,1.7100,0.0000,0.0000,0.0000,-0.9997,0.0228,
3.3189,1.7097,0.0000,0.0000,0.0000,-0.9997,0.0228,
3.3121,1.7093,0.0000,0.0000,0.0000,-0.9997,0.0228,
3.3054,1.7090,0.0000,0.0000,0.0000,-0.9997,0.0228,
3.2986,1.7087,0.0000,0.0000,0.0000,-0.9997,0.0228,
3.2918,1.7084,0.0000,0.0000,0.0000,-0.9997,0.0228,
3.2851,1.7081,0.0000,0.0000,0.0000,-0.9997,0.0228,
3.2783,1.7078,0.0000,0.0000,0.0000,-0.9997,0.0228,
3.2715,1.7075,0.0000,0.0000,0.0000,-0.9997,0.0228,
3.2648,1.7072,0.0000,0.0000,0.0000,-0.9997,0.0228,
3.2580,1.7069,0.0000,0.0000,0.0000,-0.9997,0.0228,
3.2512,1.7066,0.0000,0.0000,0.0000,-0.9997,0.0228,
3.2444,1.7063,0.0000,0.0000,0.0000,-0.9997,0.0228,
3.2377,1.7060,0.0000,0.0000,0.0000,-0.9997,0.0228,
3.2309,1.7056,0.0000,0.0000,0.0000,-0.9997,0.0228,
3.2241,1.7053,0.0000,0.0000,0.0000,-0.9997,0.0228,
3.2174,1.7050,0.0000,0.0000,0.0000,-0.9997,0.0228,
3.2106,1.7047,0.0000,0.0000,0.0000,-0.9997,0.0228,
3.1971,1.7041,0.0000,0.0000,0.0000,-0.9972,0.0753,
3.1905,1.7031,0.0000,0.0000,0.0000,-0.9972,0.0753,
3.1839,1.7021,0.0000,0.0000,0.0000,-0.9972,0.0753,
3.1773,1.7011,0.0000,0.0000,0.0000,-0.9972,0.0753,
3.1707,1.7001,0.0000,0.0000,0.0000,-0.9972,0.0753,
3.1640,1.6991,0.0000,0.0000,0.0000,-0.9972,0.0753,
3.1574,1.6981,0.0000,0.0000,0.0000,-0.9972,0.0753,
3.1508,1.6971,0.0000,0.0000,0.0000,-0.9972,0.0753,
3.1442,1.6961,0.0000,0.0000,0.0000,-0.9972,0.0753,
3.1376,1.6951,0.0000,0.0000,0.0000,-0.9972,0.0753,
3.1310,1.6941,0.0000,0.0000,0.0000,-0.9972,0.0753,
3.1244,1.6931,0.0000,0.0000,0.0000,-0.9972,0.0753,
3.1178,1.6921,0.0000,0.0000,0.0000,-0.9972,0.0753,
3.1112,1.6910,0.0000,0.0000,0.0000,-0.9972,0.0753,
3.1046,1.6900,0.0000,0.0000,0.0000,-0.9972,0.0753,
3.0980,1.6890,0.0000,0.0000,0.0000,-0.9972,0.0753,
3.0914,1.6880,0.0000,0.0000,0.0000,-0.9972,0.0753,
3.0848,1.6870,0.0000,0.0000,0.0000,-0.9972,0.0753,
3.0782,1.6860,0.0000,0.0000,0.0000,-0.9972,0.0753,
3.0650,1.6840,0.0000,0.0000,0.0000,-0.9875,0.1578,
3.0586,1.6819,0.0000,0.0000,0.0000,-0.9875,0.1578,
3.0523,1.6799,0.0000,0.0000,0.0000,-0.9875,0.1578,
3.0459,1.6778,0.0000,0.0000,0.0000,-0.9875,0.1578,
3.0396,1.6757,0.0000,0.0000,0.0000,-0.9875,0.1578,
3.0332,1.6736,0.0000,0.0000,0.0000,-0.9875,0.1578,
3.0269,1.6715,0.0000,0.0000,0.0000,-0.9875,0.1578,
3.0205,1.6695,0.0000,0.0000,0.0000,-0.9875,0.1578,
3.0142,1.6674,0.0000,0.0000,0.0000,-0.9875,0.1578,
3.0078,1.6653,0.0000,0.0000,0.0000,-0.9875,0.1578,
3.0015,1.6632,0.0000,0.0000,0.0000,-0.9875,0.1578,
2.9951,1.6611,0.0000,0.0000,0.0000,-0.9875,0.1578,
2.9888,1.6590,0.0000,0.0000,0.0000,-0.9875,0.1578,
2.9825,1.6570,0.0000,0.0000,0.0000,-0.9875,0.1578,
2.9761,1.6549,0.0000,0.0000,0.0000,-0.9875,0.1578,
2.9698,1.6528,0.0000,0.0000,0.0000,-0.9875,0.1578,
2.9634,1.6507,0.0000,0.0000,0.0000,-0.9875,0.1578,
2.9571,1.6486,0.0000,0.0000,0.0000,-0.9875,0.1578,
2.9444,1.6445,0.0000,0.0000,0.0000,-0.9547,0.2977,
2.9386,1.6405,0.0000,0.0000,0.0000,-0.9547,0.2977,
2.9329,1.6365,0.0000,0.0000,0.0000,-0.9547,0.2977,
2.9272,1.6326,0.0000,0.0000,0.0000,-0.9547,0.2977,
2.9214,1.6286,0.0000,0.0000,0.0000,-0.9547,0.2977,
2.9157,1.6247,0.0000,0.0000,0.0000,-0.9547,0.2977,
2.9099,1.6207,0.0000,0.0000,0.0000,-0.9547,0.2977,
2.9042,1.6167,0.0000,0.0000,0.0000,-0.9547,0.2977,
2.8927,1.6088,0.0000,0.0000,0.0000,-0.9110,0.4124,
2.8882,1.6036,0.0000,0.0000,0.0000,-0.9110,0.4124,
2.8836,1.5984,0.0000,0.0000,0.0000,-0.9110,0.4124,
2.8790,1.5932,0.0000,0.0000,0.0000,-0.9110,0.4124,
2.8745,1.5880,0.0000,0.0000,0.0000,-0.9110,0.4124,
2.8699,1.5828,0.0000,0.0000,0.0000,-0.9110,0.4124,
2.8654,1.5776,0.0000,0.0000,0.0000,-0.9110,0.4124,
2.8608,1.5725,0.0000,0.0000,0.0000,-0.9110,0.4124,
2.8562,1.5673,0.0000,0.0000,0.0000,-0.9110,0.4124,
2.8517,1.5621,0.0000,0.0000,0.0000,-0.9110,0.4124,
2.8471,1.5569,0.0000,0.0000,0.0000,-0.9110,0.4124,
2.8426,1.5517,0.0000,0.0000,0.0000,-0.9110,0.4124,
2.8380,1.5465,0.0000,0.0000,0.0000,-0.9110,0.4124,
2.8334,1.5413,0.0000,0.0000,0.0000,-0.9110,0.4124,
2.8289,1.5361,0.0000,0.0000,0.0000,-0.9110,0.4124,
2.8243,1.5309,0.0000,0.0000,0.0000,-0.9110,0.4124,
2.8152,1.5205,0.0000,0.0000,0.0000,-0.8365,0.5480,
2.8124,1.5141,0.0000,0.0000,0.0000,-0.8365,0.5480,
2.8096,1.5076,0.0000,0.0000,0.0000,-0.8365,0.5480,
2.8068,1.5012,0.0000,0.0000,0.0000,-0.8365,0.5480,
2.8040,1.4948,0.0000,0.0000,0.0000,-0.8365,0.5480,
2.8012,1.4883,0.0000,0.0000,0.0000,-0.8365,0.5480,
2.7984,1.4819,0.0000,0.0000,0.0000,-0.8365,0.5480,
2.7956,1.4754,0.0000,0.0000,0.0000,-0.8365,0.5480,
2.7927,1.4690,0.0000,0.0000,0.0000,-0.8365,0.5480,
2.7899,1.4625,0.0000,0.0000,0.0000,-0.8365,0.5480,
2.7871,1.4561,0.0000,0.0000,0.0000,-0.8365,0.5480,
2.7843,1.4497,0.0000,0.0000,0.0000,-0.8365,0.5480,
2.7787,1.4368,0.0000,0.0000,0.0000,-0.7892,0.6141,
2.7770,1.4301,0.0000,0.0000,0.0000,-0.7892,0.6141,
2.7753,1.4234,0.0000,0.0000,0.0000,-0.7892,0.6141,
2.7736,1.4167,0.0000,0.0000,0.0000,-0.7892,0.6141,
2.7719,1.4100,0.0000,0.0000,0.0000,-0.7892,0.6141,
2.7702,1.4032,0.0000,0.0000,0.0000,-0.7892,0.6141,
2.7685,1.3965,0.0000,0.0000,0.0000,-0.7892,0.6141,
2.7668,1.3898,0.0000,0.0000,0.0000,-0.7892,0.6141,
2.7651,1.3831,0.0000,0.0000,0.0000,-0.7892,0.6141,
2.7634,1.3764,0.0000,0.0000,0.0000,-0.7892,0.6141,
2.7617,1.3697,0.0000,0.0000,0.0000,-0.7892,0.6141,
2.7600,1.3630,0.0000,0.0000,0.0000,-0.7892,0.6141,
2.7583,1.3563,0.0000,0.0000,0.0000,-0.7892,0.6141,
2.7566,1.3496,0.0000,0.0000,0.0000,-0.7892,0.6141,
2.7549,1.3429,0.0000,0.0000,0.0000,-0.7892,0.6141,
2.7532,1.3362,0.0000,0.0000,0.0000,-0.7892,0.6141,
2.7515,1.3295,0.0000,0.0000,0.0000,-0.7892,0.6141,
2.7498,1.3228,0.0000,0.0000,0.0000,-0.7892,0.6141,
2.7481,1.3161,0.0000,0.0000,0.0000,-0.7892,0.6141,
2.7464,1.3094,0.0000,0.0000,0.0000,-0.7892,0.6141,
2.7447,1.3027,0.0000,0.0000,0.0000,-0.7892,0.6141,
2.7430,1.2960,0.0000,0.0000,0.0000,-0.7892,0.6141,
2.7396,1.2826,0.0000,0.0000,0.0000,-0.7213,0.6926,
2.7394,1.2758,0.0000,0.0000,0.0000,-0.7213,0.6926,
2.7391,1.2690,0.0000,0.0000,0.0000,-0.7213,0.6926,
2.7388,1.2622,0.0000,0.0000,0.0000,-0.7213,0.6926,
2.7385,1.2554,0.0000,0.0000,0.0000,-0.7213,0.6926,
2.7383,1.2486,0.0000,0.0000,0.0000,-0.7213,0.6926,
2.7380,1.2418,0.0000,0.0000,0.0000,-0.7213,0.6926,
2.7377,1.2350,0.0000,0.0000,0.0000,-0.7213,0.6926,
2.7374,1.2282,0.0000,0.0000,0.0000,-0.7213,0.6926,
2.7371,1.2214,0.0000,0.0000,0.0000,-0.7213,0.6926,
2.7369,1.2146,0.0000,0.0000,0.0000,-0.7213,0.6926,
2.7366,1.2078,0.0000,0.0000,0.0000,-0.7213,0.6926,
2.7363,1.2010,0.0000,0.0000,0.0000,-0.7213,0.6926,
2.7360,1.1942,0.0000,0.0000,0.0000,-0.7213,0.6926,
2.7358,1.1874,0.0000,0.0000,0.0000,-0.7213,0.6926,
2.7355,1.1806,0.0000,0.0000,0.0000,-0.7213,0.6926,
2.7352,1.1738,0.0000,0.0000,0.0000,-0.7213,0.6926,
2.7349,1.1670,0.0000,0.0000,0.0000,-0.7213,0.6926,
2.7347,1.1602,0.0000,0.0000,0.0000,-0.7213,0.6926,
2.7344,1.1534,0.0000,0.0000,0.0000,-0.7213,0.6926,
2.7341,1.1466,0.0000,0.0000,0.0000,-0.7213,0.6926,
2.7338,1.1398,0.0000,0.0000,0.0000,-0.7213,0.6926,
2.7336,1.1330,0.0000,0.0000,0.0000,-0.7213,0.6926,
2.7333,1.1262,0.0000,0.0000,0.0000,-0.7213,0.6926,
2.7330,1.1194,0.0000,0.0000,0.0000,-0.7213,0.6926,
2.7327,1.1126,0.0000,0.0000,0.0000,-0.7213,0.6926,
2.7324,1.1058,0.0000,0.0000,0.0000,-0.7213,0.6926,
2.7322,1.0990,0.0000,0.0000,0.0000,-0.7213,0.6926,
2.7319,1.0922,0.0000,0.0000,0.0000,-0.7213,0.6926,
2.7316,1.0854,0.0000,0.0000,0.0000,-0.7213,0.6926,
2.7313,1.0786,0.0000,0.0000,0.0000,-0.7213,0.6926,
2.7311,1.0718,0.0000,0.0000,0.0000,-0.7213,0.6926,
2.7308,1.0650,0.0000,0.0000,0.0000,-0.7213,0.6926,
2.7305,1.0582,0.0000,0.0000,0.0000,-0.7213,0.6926,
2.7302,1.0514,0.0000,0.0000,0.0000,-0.7213,0.6926,
2.7300,1.0446,0.0000,0.0000,0.0000,-0.7213,0.6926,
2.7297,1.0378,0.0000,0.0000,0.0000,-0.7213,0.6926,
