0.4167,1.0632,0.0000,0.0000,0.0000,0.7082,0.7061,
0.4166,1.0699,0.0000,0.0000,0.0000,0.7082,0.7061,
0.4166,1.0765,0.0000,0.0000,0.0000,0.7082,0.7061,
0.4166,1.0832,0.0000,0.0000,0.0000,0.7082,0.7061,
0.4166,1.0899,0.0000,0.0000,0.0000,0.7082,0.7061,
0.4166,1.0965,0.0000,0.0000,0.0000,0.7082,0.7061,
0.4165,1.1032,0.0000,0.0000,0.0000,0.7082,0.7061,
0.4165,1.1099,0.0000,0.0000,0.0000,0.7082,0.7061,
0.4165,1.1166,0.0000,0.0000,0.0000,0.7082,0.7061,
0.4165,1.1232,0.0000,0.0000,0.0000,0.7082,0.7061,
0.4165,1.1299,0.0000,0.0000,0.0000,0.7082,0.7061,
0.4164,1.1366,0.0000,0.0000,0.0000,0.7082,0.7061,
0.4164,1.1432,0.0000,0.0000,0.0000,0.7082,0.7061,
0.4164,1.1499,0.0000,0.0000,0.0000,0.7082,0.7061,
0.4164,1.1566,0.0000,0.0000,0.0000,0.7082,0.7061,
0.4164,1.1633,0.0000,0.0000,0.0000,0.7082,0.7061,
0.4163,1.1699,0.0000,0.0000,0.0000,0.7082,0.7061,
0.4163,1.1766,0.0000,0.0000,0.0000,0.7082,0.7061,
0.4163,1.1833,0.0000,0.0000,0.0000,0.7082,0.7061,
0.4163,1.1899,0.0000,0.0000,0.0000,0.7082,0.7061,
0.4163,1.1966,0.0000,0.0000,0.0000,0.7082,0.7061,
0.4162,1.2033,0.0000,0.0000,0.0000,0.7082,0.7061,
0.4162,1.2100,0.0000,0.0000,0.0000,0.7082,0.7061,
0.4162,1.2166,0.0000,0.0000,0.0000,0.7082,0.7061,
0.4162,1.2233,0.0000,0.0000,0.0000,0.7082,0.7061,
0.4162,1.2300,0.0000,0.0000,0.0000,0.7082,0.7061,
0.4161,1.2366,0.0000,0.0000,0.0000,0.7082,0.7061,
0.4161,1.2433,0.0000,0.0000,0.0000,0.7082,0.7061,
0.4161,1.2500,0.0000,0.0000,0.0000,0.7082,0.7061,
0.4161,1.2567,0.0000,0.0000,0.0000,0.7082,0.7061,
0.4161,1.2633,0.0000,0.0000,0.0000,0.7082,0.7061,
0.4160,1.2700,0.0000,0.0000,0.0000,0.7082,0.7061,
0.4160,1.2767,0.0000,0.0000,0.0000,0.7082,0.7061,
0.4160,1.2833,0.0000,0.0000,0.0000,0.7082,0.7061,
0.4160,1.2900,0.0000,0.0000,0.0000,0.7082,0.7061,
0.4160,1.2967,0.0000,0.0000,0.0000,0.7082,0.7061,
0.4159,1.3034,0.0000,0.0000,0.0000,0.7082,0.7061,
0.4159,1.3100,0.0000,0.0000,0.0000,0.7082,0.7061,
0.4159,1.3167,0.0000,0.0000,0.0000,0.7082,0.7061,
0.4159,1.3234,0.0000,0.0000,0.0000,0.7082,0.7061,
0.4159,1.3300,0.0000,0.0000,0.0000,0.7082,0.7061,
0.4159,1.3367,0.0000,0.0000,0.0000,0.7082,0.7061,
0.4158,1.3434,0.0000,0.0000,0.0000,0.7082,0.7061,
0.4158,1.3501,0.0000,0.0000,0.0000,0.7082,0.7061,
0.4158,1.3567,0.0000,0.0000,0.0000,0.7082,0.7061,
0.4158,1.3634,0.0000,0.0000,0.0000,0.7082,0.7061,
0.4158,1.3701,0.0000,0.0000,0.0000,0.7082,0.7061,
0.4157,1.3768,0.0000,0.0000,0.0000,0.7082,0.7061,
0.4157,1.3834,0.0000,0.0000,0.0000,0.7082,0.7061,
0.4157,1.3901,0.0000,0.0000,0.0000,0.7082,0.7061,
0.4157,1.3968,0.0000,0.0000,0.0000,0.7082,0.7061,
0.4157,1.4034,0.0000,0.0000,0.0000,0.7082,0.7061,
0.4156,1.4101,0.0000,0.0000,0.0000,0.7082,0.7061,
0.4156,1.4168,0.0000,0.0000,0.0000,0.7082,0.7061,
0.4156,1.4235,0.0000,0.0000,0.0000,0.7082,0.7061,
0.4156,1.4301,0.0000,0.0000,0.0000,0.7082,0.7061,
0.4156,1.4368,0.0000,0.0000,0.0000,0.7082,0.7061,
0.4155,1.4435,0.0000,0.0000,0.0000,0.7082,0.7061,
0.4155,1.4501,0.0000,0.0000,0.0000,0.7082,0.7061,
0.4155,1.4568,0.0000,0.0000,0.0000,0.7082,0.7061,
0.4155,1.4635,0.0000,0.0000,0.0000,0.7082,0.7061,
0.4155,1.4702,0.0000,0.0000,0.0000,0.7082,0.7061,
0.4154,1.4768,0.0000,0.0000,0.0000,0.7082,0.7061,
0.4154,1.4835,0.0000,0.0000,0.0000,0.7082,0.7061,
0.4154,1.4902,0.0000,0.0000,0.0000,0.7082,0.7061,
0.4154,1.4968,0.0000,0.0000,0.0000,0.7082,0.7061,
0.4154,1.5035,0.0000,0.0000,0.0000,0.7082,0.7061,
0.4153,1.5102,0.0000,0.0000,0.0000,0.7082,0.7061,
0.4153,1.5169,0.0000,0.0000,0.0000,0.7082,0.7061,
0.4153,1.5235,0.0000,0.0000,0.0000,0.7082,0.7061,
0.4153,1.5302,0.0000,0.0000,0.0000,0.7082,0.7061,
0.4153,1.5369,0.0000,0.0000,0.0000,0.7082,0.7061,
0.4152,1.5435,0.0000,0.0000,0.0000,0.7082,0.7061,
0.4152,1.5502,0.0000,0.0000,0.0000,0.7082,0.7061,
0.4152,1.5569,0.0000,0.0000,0.0000,0.7082,0.7061,
0.4152,1.5636,0.0000,0.0000,0.0000,0.7082,0.7061,
0.4152,1.5702,0.0000,0.0000,0.0000,0.7082,0.7061,
0.4151,1.5769,0.0000,0.0000,0.0000,0.7082,0.7061,
0.4151,1.5836,0.0000,0.0000,0.0000,0.7082,0.7061,
0.4151,1.5902,0.0000,0.0000,0.0000,0.7082,0.7061,
0.4151,1.5969,0.0000,0.0000,0.0000,0.7082,0.7061,
0.4151,1.6036,0.0000,0.0000,0.0000,0.7082,0.7061,
0.4150,1.6103,0.0000,0.0000,0.0000,0.7082,0.7061,
0.4150,1.6169,0.0000,0.0000,0.0000,0.7082,0.7061,
0.4150,1.6236,0.0000,0.0000,0.0000,0.7082,0.7061,
0.4150,1.6303,0.0000,0.0000,0.0000,0.7082,0.7061,
0.4150,1.6369,0.0000,0.0000,0.0000,0.7082,0.7061,
0.4149,1.6436,0.0000,0.0000,0.0000,0.7082,0.7061,
0.4149,1.6503,0.0000,0.0000,0.0000,0.7082,0.7061,
0.4149,1.6570,0.0000,0.0000,0.0000,0.7082,0.7061,
0.4149,1.6636,0.0000,0.0000,0.0000,0.7082,0.7061,
0.4149,1.6703,0.0000,0.0000,0.0000,0.7082,0.7061,
0.4148,1.6770,0.0000,0.0000,0.0000,0.7082,0.7061,
0.4148,1.6836,0.0000,0.0000,0.0000,0.7082,0.7061,
0.4148,1.6903,0.0000,0.0000,0.0000,0.7082,0.7061,
0.4148,1.6970,0.0000,0.0000,0.0000,0.7082,0.7061,
0.4148,1.7037,0.0000,0.0000,0.0000,0.7082,0.7061,
0.4147,1.7103,0.0000,0.0000,0.0000,0.7082,0.7061,
0.4147,1.7170,0.0000,0.0000,0.0000,0.7082,0.7061,
0.4147,1.7237,0.0000,0.0000,0.0000,0.7082,0.7061,
0.4147,1.7304,0.0000,0.0000,0.0000,0.7082,0.7061,
0.4147,1.7370,0.0000,0.0000,0.0000,0.7082,0.7061,
0.4146,1.7437,0.0000,0.0000,0.0000,0.7082,0.7061,
0.4146,1.7504,0.0000,0.0000,0.0000,0.7082,0.7061,
0.4146,1.7570,0.0000,0.0000,0.0000,0.7082,0.7061,
0.4146,1.7637,0.0000,0.0000,0.0000,0.7082,0.7061,
0.4146,1.7704,0.0000,0.0000,0.0000,0.7082,0.7061,
0.4145,1.7771,0.0000,0.0000,0.0000,0.7082,0.7061,
0.4145,1.7837,0.0000,0.0000,0.0000,0.7082,0.7061,
0.4145,1.7904,0.0000,0.0000,0.0000,0.7082,0.7061,
0.4145,1.7971,0.0000,0.0000,0.0000,0.7082,0.7061,
0.4145,1.8037,0.0000,0.0000,0.0000,0.7082,0.7061,
0.4144,1.8104,0.0000,0.0000,0.0000,0.7082,0.7061,
0.4144,1.8171,0.0000,0.0000,0.0000,0.7082,0.7061,
0.4144,1.8238,0.0000,0.0000,0.0000,0.7082,0.7061,
0.4144,1.8304,0.0000,0.0000,0.0000,0.7082,0.7061,
0.4144,1.8371,0.0000,0.0000,0.0000,0.7082,0.7061,
0.4143,1.8438,0.0000,0.0000,0.0000,0.7082,0.7061,
0.4143,1.8504,0.0000,0.0000,0.0000,0.7082,0.7061,
0.4143,1.8571,0.0000,0.0000,0.0000,0.7082,0.7061,
0.4143,1.8638,0.0000,0.0000,0.0000,0.7082,0.7061,
0.4143,1.8705,0.0000,0.0000,0.0000,0.7082,0.7061,
0.4142,1.8771,0.0000,0.0000,0.0000,0.7082,0.7061,
0.4142,1.8838,0.0000,0.0000,0.0000,0.7082,0.7061,
0.4142,1.8905,0.0000,0.0000,0.0000,0.7082,0.7061,
0.4142,1.8971,0.0000,0.0000,0.0000,0.7082,0.7061,
0.4142,1.9038,0.0000,0.0000,0.0000,0.7082,0.7061,
0.4141,1.9105,0.0000,0.0000,0.0000,0.7082,0.7061,
0.4141,1.9172,0.0000,0.0000,0.0000,0.7082,0.7061,
0.4141,1.9238,0.0000,0.0000,0.0000,0.7082,0.7061,
0.4141,1.9305,0.0000,0.0000,0.0000,0.7082,0.7061,
0.4141,1.9372,0.0000,0.0000,0.0000,0.7082,0.7061,
0.4140,1.9438,0.0000,0.0000,0.0000,0.7082,0.7061,
0.4140,1.9505,0.0000,0.0000,0.0000,0.7082,0.7061,
0.4140,1.9572,0.0000,0.0000,0.0000,0.7082,0.7061,
0.4140,1.9639,0.0000,0.0000,0.0000,0.7082,0.7061,
0.4140,1.9705,0.0000,0.0000,0.0000,0.7082,0.7061,
0.4139,1.9772,0.0000,0.0000,0.0000,0.7082,0.7061,
0.4139,1.9839,0.0000,0.0000,0.0000,0.7082,0.7061,
0.4139,1.9905,0.0000,0.0000,0.0000,0.7082,0.7061,
0.4139,1.9972,0.0000,0.0000,0.0000,0.7082,0.7061,
0.4139,2.0039,0.0000,0.0000,0.0000,0.7082,0.7061,
0.4138,2.0106,0.0000,0.0000,0.0000,0.7082,0.7061,
0.4138,2.0172,0.0000,0.0000,0.0000,0.7082,0.7061,
0.4138,2.0239,0.0000,0.0000,0.0000,0.7082,0.7061,
0.4138,2.0306,0.0000,0.0000,0.0000,0.7082,0.7061,
0.4138,2.0372,0.0000,0.0000,0.0000,0.7082,0.7061,
0.4137,2.0439,0.0000,0.0000,0.0000,0.7082,0.7061,
0.4137,2.0506,0.0000,0.0000,0.0000,0.7082,0.7061,
0.4137,2.0573,0.0000,0.0000,0.0000,0.7082,0.7061,
0.4137,2.0639,0.0000,0.0000,0.0000,0.7082,0.7061,
0.4137,2.0706,0.0000,0.0000,0.0000,0.7082,0.7061,
0.4136,2.0773,0.0000,0.0000,0.0000,0.7082,0.7061,
0.4136,2.0839,0.0000,0.0000,0.0000,0.7082,0.7061,
0.4136,2.0906,0.0000,0.0000,0.0000,0.7082,0.7061,
0.4136,2.0973,0.0000,0.0000,0.0000,0.7082,0.7061,
0.4136,2.1040,0.0000,0.0000,0.0000,0.7082,0.7061,
0.4135,2.1106,0.0000,0.0000,0.0000,0.7082,0.7061,
0.4135,2.1173,0.0000,0.0000,0.0000,0.7082,0.7061,
0.4135,2.1240,0.0000,0.0000,0.0000,0.7082,0.7061,
0.4135,2.1307,0.0000,0.0000,0.0000,0.7082,0.7061,
0.4135,2.1373,0.0000,0.0000,0.0000,0.7082,0.7061,
0.4134,2.1440,0.0000,0.0000,0.0000,0.7082,0.7061,
0.4134,2.1507,0.0000,0.0000,0.0000,0.7082,0.7061,
0.4134,2.1573,0.0000,0.0000,0.0000,0.7082,0.7061,
0.4134,2.1640,0.0000,0.0000,0.0000,0.7082,0.7061,
0.4134,2.1707,0.0000,0.0000,0.0000,0.7082,0.7061,
