2.7314,2.1048,0.0000,0.0000,0.0000,-0.6928,0.7211,
2.7316,2.0979,0.0000,0.0000,0.0000,-0.6928,0.7211,
2.7319,2.0910,0.0000,0.0000,0.0000,-0.6928,0.7211,
2.7322,2.0842,0.0000,0.0000,0.0000,-0.6928,0.7211,
2.7325,2.0773,0.0000,0.0000,0.0000,-0.6928,0.7211,
2.7327,2.0704,0.0000,0.0000,0.0000,-0.6928,0.7211,
2.7330,2.0636,0.0000,0.0000,0.0000,-0.6928,0.7211,
2.7333,2.0567,0.0000,0.0000,0.0000,-0.6928,0.7211,
2.7336,2.0498,0.0000,0.0000,0.0000,-0.6928,0.7211,
2.7338,2.0430,0.0000,0.0000,0.0000,-0.6928,0.7211,
2.7341,2.0361,0.0000,0.0000,0.0000,-0.6928,0.7211,
2.7344,2.0292,0.0000,0.0000,0.0000,-0.6928,0.7211,
2.7347,2.0224,0.0000,0.0000,0.0000,-0.6928,0.7211,
2.7349,2.0155,0.0000,0.0000,0.0000,-0.6928,0.7211,
2.7352,2.0086,0.0000,0.0000,0.0000,-0.6928,0.7211,
2.7355,2.0018,0.0000,0.0000,0.0000,-0.6928,0.7211,
2.7358,1.9949,0.0000,0.0000,0.0000,-0.6928,0.7211,
2.7360,1.9880,0.0000,0.0000,0.0000,-0.6928,0.7211,
2.7363,1.9812,0.0000,0.0000,0.0000,-0.6928,0.7211,
2.7366,1.9743,0.0000,0.0000,0.0000,-0.6928,0.7211,
2.7369,1.9674,0.0000,0.0000,0.0000,-0.6928,0.7211,
2.7371,1.9606,0.0000,0.0000,0.0000,-0.6928,0.7211,
2.7374,1.9537,0.0000,0.0000,0.0000,-0.6928,0.7211,
2.7377,1.9468,0.0000,0.0000,0.0000,-0.6928,0.7211,
2.7380,1.9399,0.0000,0.0000,0.0000,-0.6928,0.7211,
2.7382,1.9331,0.0000,0.0000,0.0000,-0.6928,0.7211,
2.7385,1.9262,0.0000,0.0000,0.0000,-0.6928,0.7211,
2.7388,1.9193,0.0000,0.0000,0.0000,-0.6928,0.7211,
2.7391,1.9125,0.0000,0.0000,0.0000,-0.6928,0.7211,
2.7396,1.8987,0.0000,0.0000,0.0000,-0.6733,0.7394,
2.7402,1.8920,0.0000,0.0000,0.0000,-0.6733,0.7394,
2.7409,1.8852,0.0000,0.0000,0.0000,-0.6733,0.7394,
2.7415,1.8785,0.0000,0.0000,0.0000,-0.6733,0.7394,
2.7421,1.8717,0.0000,0.0000,0.0000,-0.6733,0.7394,
2.7428,1.8650,0.0000,0.0000,0.0000,-0.6733,0.7394,
2.7434,1.8582,0.0000,0.0000,0.0000,-0.6733,0.7394,
2.7441,1.8514,0.0000,0.0000,0.0000,-0.6733,0.7394,
2.7447,1.8447,0.0000,0.0000,0.0000,-0.6733,0.7394,
2.7453,1.8379,0.0000,0.0000,0.0000,-0.6733,0.7394,
2.7460,1.8312,0.0000,0.0000,0.0000,-0.6733,0.7394,
2.7466,1.8244,0.0000,0.0000,0.0000,-0.6733,0.7394,
2.7472,1.8176,0.0000,0.0000,0.0000,-0.6733,0.7394,
2.7479,1.8109,0.0000,0.0000,0.0000,-0.6733,0.7394,
2.7485,1.8041,0.0000,0.0000,0.0000,-0.6733,0.7394,
2.7491,1.7974,0.0000,0.0000,0.0000,-0.6733,0.7394,
2.7498,1.7906,0.0000,0.0000,0.0000,-0.6733,0.7394,
2.7504,1.7839,0.0000,0.0000,0.0000,-0.6733,0.7394,
2.7517,1.7703,0.0000,0.0000,0.0000,-0.6041,0.7969,
2.7535,1.7637,0.0000,0.0000,0.0000,-0.6041,0.7969,
2.7554,1.7571,0.0000,0.0000,0.0000,-0.6041,0.7969,
2.7572,1.7504,0.0000,0.0000,0.0000,-0.6041,0.7969,
2.7591,1.7438,0.0000,0.0000,0.0000,-0.6041,0.7969,
2.7610,1.7372,0.0000,0.0000,0.0000,-0.6041,0.7969,
2.7628,1.7305,0.0000,0.0000,0.0000,-0.6041,0.7969,
2.7647,1.7239,0.0000,0.0000,0.0000,-0.6041,0.7969,
2.7665,1.7173,0.0000,0.0000,0.0000,-0.6041,0.7969,
2.7684,1.7107,0.0000,0.0000,0.0000,-0.6041,0.7969,
2.7703,1.7040,0.0000,0.0000,0.0000,-0.6041,0.7969,
2.7721,1.6974,0.0000,0.0000,0.0000,-0.6041,0.7969,
2.7758,1.6841,0.0000,0.0000,0.0000,-0.4558,0.8901,
2.7799,1.6786,0.0000,0.0000,0.0000,-0.4558,0.8901,
2.7839,1.6730,0.0000,0.0000,0.0000,-0.4558,0.8901,
2.7879,1.6674,0.0000,0.0000,0.0000,-0.4558,0.8901,
2.7919,1.6619,0.0000,0.0000,0.0000,-0.4558,0.8901,
2.7959,1.6563,0.0000,0.0000,0.0000,-0.4558,0.8901,
2.7999,1.6508,0.0000,0.0000,0.0000,-0.4558,0.8901,
2.8039,1.6452,0.0000,0.0000,0.0000,-0.4558,0.8901,
2.8079,1.6396,0.0000,0.0000,0.0000,-0.4558,0.8901,
2.8119,1.6341,0.0000,0.0000,0.0000,-0.4558,0.8901,
2.8159,1.6285,0.0000,0.0000,0.0000,-0.4558,0.8901,
2.8239,1.6174,0.0000,0.0000,0.0000,-0.3434,0.9392,
2.8292,1.6130,0.0000,0.0000,0.0000,-0.3434,0.9392,
2.8344,1.6085,0.0000,0.0000,0.0000,-0.3434,0.9392,
2.8396,1.6041,0.0000,0.0000,0.0000,-0.3434,0.9392,
2.8449,1.5997,0.0000,0.0000,0.0000,-0.3434,0.9392,
2.8501,1.5953,0.0000,0.0000,0.0000,-0.3434,0.9392,
2.8553,1.5909,0.0000,0.0000,0.0000,-0.3434,0.9392,
2.8606,1.5865,0.0000,0.0000,0.0000,-0.3434,0.9392,
2.8658,1.5820,0.0000,0.0000,0.0000,-0.3434,0.9392,
2.8710,1.5776,0.0000,0.0000,0.0000,-0.3434,0.9392,
2.8763,1.5732,0.0000,0.0000,0.0000,-0.3434,0.9392,
2.8815,1.5688,0.0000,0.0000,0.0000,-0.3434,0.9392,
2.8867,1.5644,0.0000,0.0000,0.0000,-0.3434,0.9392,
2.8919,1.5600,0.0000,0.0000,0.0000,-0.3434,0.9392,
2.8972,1.5556,0.0000,0.0000,0.0000,-0.3434,0.9392,
2.9024,1.5511,0.0000,0.0000,0.0000,-0.3434,0.9392,
2.9129,1.5423,0.0000,0.0000,0.0000,-0.2065,0.9785,
2.9192,1.5395,0.0000,0.0000,0.0000,-0.2065,0.9785,
2.9255,1.5367,0.0000,0.0000,0.0000,-0.2065,0.9785,
2.9318,1.5339,0.0000,0.0000,0.0000,-0.2065,0.9785,
2.9381,1.5311,0.0000,0.0000,0.0000,-0.2065,0.9785,
2.9445,1.5284,0.0000,0.0000,0.0000,-0.2065,0.9785,
2.9508,1.5256,0.0000,0.0000,0.0000,-0.2065,0.9785,
2.9571,1.5228,0.0000,0.0000,0.0000,-0.2065,0.9785,
2.9634,1.5200,0.0000,0.0000,0.0000,-0.2065,0.9785,
2.9697,1.5172,0.0000,0.0000,0.0000,-0.2065,0.9785,
2.9761,1.5144,0.0000,0.0000,0.0000,-0.2065,0.9785,
2.9824,1.5116,0.0000,0.0000,0.0000,-0.2065,0.9785,
2.9887,1.5088,0.0000,0.0000,0.0000,-0.2065,0.9785,
2.9950,1.5060,0.0000,0.0000,0.0000,-0.2065,0.9785,
3.0076,1.5004,0.0000,0.0000,0.0000,-0.2109,0.9775,
3.0139,1.4976,0.0000,0.0000,0.0000,-0.2109,0.9775,
3.0201,1.4948,0.0000,0.0000,0.0000,-0.2109,0.9775,
3.0263,1.4920,0.0000,0.0000,0.0000,-0.2109,0.9775,
3.0325,1.4892,0.0000,0.0000,0.0000,-0.2109,0.9775,
3.0387,1.4864,0.0000,0.0000,0.0000,-0.2109,0.9775,
3.0450,1.4836,0.0000,0.0000,0.0000,-0.2109,0.9775,
3.0512,1.4807,0.0000,0.0000,0.0000,-0.2109,0.9775,
3.0574,1.4779,0.0000,0.0000,0.0000,-0.2109,0.9775,
3.0636,1.4751,0.0000,0.0000,0.0000,-0.2109,0.9775,
3.0698,1.4723,0.0000,0.0000,0.0000,-0.2109,0.9775,
3.0760,1.4695,0.0000,0.0000,0.0000,-0.2109,0.9775,
3.0823,1.4667,0.0000,0.0000,0.0000,-0.2109,0.9775,
3.0947,1.4610,0.0000,0.0000,0.0000,-0.0470,0.9989,
3.1014,1.4604,0.0000,0.0000,0.0000,-0.0470,0.9989,
3.1081,1.4598,0.0000,0.0000,0.0000,-0.0470,0.9989,
3.1147,1.4592,0.0000,0.0000,0.0000,-0.0470,0.9989,
3.1214,1.4585,0.0000,0.0000,0.0000,-0.0470,0.9989,
3.1281,1.4579,0.0000,0.0000,0.0000,-0.0470,0.9989,
3.1347,1.4573,0.0000,0.0000,0.0000,-0.0470,0.9989,
3.1414,1.4566,0.0000,0.0000,0.0000,-0.0470,0.9989,
3.1481,1.4560,0.0000,0.0000,0.0000,-0.0470,0.9989,
3.1548,1.4554,0.0000,0.0000,0.0000,-0.0470,0.9989,
3.1614,1.4547,0.0000,0.0000,0.0000,-0.0470,0.9989,
3.1681,1.4541,0.0000,0.0000,0.0000,-0.0470,0.9989,
3.1748,1.4535,0.0000,0.0000,0.0000,-0.0470,0.9989,
3.1815,1.4529,0.0000,0.0000,0.0000,-0.0470,0.9989,
3.1881,1.4522,0.0000,0.0000,0.0000,-0.0470,0.9989,
3.1948,1.4516,0.0000,0.0000,0.0000,-0.0470,0.9989,
3.2015,1.4510,0.0000,0.0000,0.0000,-0.0470,0.9989,
3.2082,1.4503,0.0000,0.0000,0.0000,-0.0470,0.9989,
3.2148,1.4497,0.0000,0.0000,0.0000,-0.0470,0.9989,
3.2215,1.4491,0.0000,0.0000,0.0000,-0.0470,0.9989,
3.2349,1.4478,0.0000,0.0000,0.0000,-0.0153,0.9999,
3.2417,1.4476,0.0000,0.0000,0.0000,-0.0153,0.9999,
3.2485,1.4474,0.0000,0.0000,0.0000,-0.0153,0.9999,
3.2553,1.4472,0.0000,0.0000,0.0000,-0.0153,0.9999,
3.2621,1.4470,0.0000,0.0000,0.0000,-0.0153,0.9999,
3.2689,1.4468,0.0000,0.0000,0.0000,-0.0153,0.9999,
3.2757,1.4466,0.0000,0.0000,0.0000,-0.0153,0.9999,
3.2825,1.4464,0.0000,0.0000,0.0000,-0.0153,0.9999,
3.2893,1.4462,0.0000,0.0000,0.0000,-0.0153,0.9999,
3.2961,1.4460,0.0000,0.0000,0.0000,-0.0153,0.9999,
3.3029,1.4457,0.0000,0.0000,0.0000,-0.0153,0.9999,
3.3097,1.4455,0.0000,0.0000,0.0000,-0.0153,0.9999,
3.3165,1.4453,0.0000,0.0000,0.0000,-0.0153,0.9999,
3.3233,1.4451,0.0000,0.0000,0.0000,-0.0153,0.9999,
3.3301,1.4449,0.0000,0.0000,0.0000,-0.0153,0.9999,
3.3369,1.4447,0.0000,0.0000,0.0000,-0.0153,0.9999,
3.3437,1.4445,0.0000,0.0000,0.0000,-0.0153,0.9999,
3.3505,1.4443,0.0000,0.0000,0.0000,-0.0153,0.9999,
3.3573,1.4441,0.0000,0.0000,0.0000,-0.0153,0.9999,
3.3641,1.4439,0.0000,0.0000,0.0000,-0.0153,0.9999,
3.3709,1.4437,0.0000,0.0000,0.0000,-0.0153,0.9999,
3.3777,1.4435,0.0000,0.0000,0.0000,-0.0153,0.9999,
3.3845,1.4432,0.0000,0.0000,0.0000,-0.0153,0.9999,
3.3913,1.4430,0.0000,0.0000,0.0000,-0.0153,0.9999,
3.3981,1.4428,0.0000,0.0000,0.0000,-0.0153,0.9999,
3.4049,1.4426,0.0000,0.0000,0.0000,-0.0153,0.9999,
3.4117,1.4424,0.0000,0.0000,0.0000,-0.0153,0.9999,
3.4185,1.4422,0.0000,0.0000,0.0000,-0.0153,0.9999,
3.4253,1.4420,0.0000,0.0000,0.0000,-0.0153,0.9999,
3.4321,1.4418,0.0000,0.0000,0.0000,-0.0153,0.9999,
3.4389,1.4416,0.0000,0.0000,0.0000,-0.0153,0.9999,
3.4457,1.4414,0.0000,0.0000,0.0000,-0.0153,0.9999,
3.4525,1.4412,0.0000,0.0000,0.0000,-0.0153,0.9999,
3.4593,1.4410,0.0000,0.0000,0.0000,-0.0153,0.9999,
3.4661,1.4408,0.0000,0.0000,0.0000,-0.0153,0.9999,
3.4729,1.4405,0.0000,0.0000,0.0000,-0.0153,0.9999,
3.4797,1.4403,0.0000,0.0000,0.0000,-0.0153,0.9999,
3.4865,1.4401,0.0000,0.0000,0.0000,-0.0153,0.9999,
3.4933,1.4399,0.0000,0.0000,0.0000,-0.0153,0.9999,
3.5001,1.4397,0.0000,0.0000,0.0000,-0.0153,0.9999,
