0.4133,2.1840,0.0000,0.0000,0.0000,0.7024,0.7118,
0.4134,2.1909,0.0000,0.0000,0.0000,0.7024,0.7118,
0.4135,2.1977,0.0000,0.0000,0.0000,0.7024,0.7118,
0.4136,2.2046,0.0000,0.0000,0.0000,0.7024,0.7118,
0.4137,2.2114,0.0000,0.0000,0.0000,0.7024,0.7118,
0.4138,2.2183,0.0000,0.0000,0.0000,0.7024,0.7118,
0.4139,2.2252,0.0000,0.0000,0.0000,0.7024,0.7118,
0.4140,2.2320,0.0000,0.0000,0.0000,0.7024,0.7118,
0.4141,2.2389,0.0000,0.0000,0.0000,0.7024,0.7118,
0.4142,2.2457,0.0000,0.0000,0.0000,0.7024,0.7118,
0.4142,2.2526,0.0000,0.0000,0.0000,0.7024,0.7118,
0.4143,2.2594,0.0000,0.0000,0.0000,0.7024,0.7118,
0.4144,2.2663,0.0000,0.0000,0.0000,0.7024,0.7118,
0.4145,2.2731,0.0000,0.0000,0.0000,0.7024,0.7118,
0.4146,2.2800,0.0000,0.0000,0.0000,0.7024,0.7118,
0.4147,2.2868,0.0000,0.0000,0.0000,0.7024,0.7118,
0.4148,2.2937,0.0000,0.0000,0.0000,0.7024,0.7118,
0.4149,2.3005,0.0000,0.0000,0.0000,0.7024,0.7118,
0.4150,2.3074,0.0000,0.0000,0.0000,0.7024,0.7118,
0.4151,2.3143,0.0000,0.0000,0.0000,0.7024,0.7118,
0.4152,2.3211,0.0000,0.0000,0.0000,0.7024,0.7118,
0.4153,2.3280,0.0000,0.0000,0.0000,0.7024,0.7118,
0.4153,2.3348,0.0000,0.0000,0.0000,0.7024,0.7118,
0.4154,2.3417,0.0000,0.0000,0.0000,0.7024,0.7118,
0.4155,2.3485,0.0000,0.0000,0.0000,0.7024,0.7118,
0.4156,2.3554,0.0000,0.0000,0.0000,0.7024,0.7118,
0.4157,2.3622,0.0000,0.0000,0.0000,0.7024,0.7118,
0.4158,2.3691,0.0000,0.0000,0.0000,0.7024,0.7118,
0.4159,2.3759,0.0000,0.0000,0.0000,0.7024,0.7118,
0.4160,2.3828,0.0000,0.0000,0.0000,0.7024,0.7118,
0.4161,2.3897,0.0000,0.0000,0.0000,0.7024,0.7118,
0.4162,2.3965,0.0000,0.0000,0.0000,0.7024,0.7118,
0.4164,2.4102,0.0000,0.0000,0.0000,0.6624,0.7492,
0.4172,2.4170,0.0000,0.0000,0.0000,0.6624,0.7492,
0.4180,2.4239,0.0000,0.0000,0.0000,0.6624,0.7492,
0.4189,2.4307,0.0000,0.0000,0.0000,0.6624,0.7492,
0.4197,2.4375,0.0000,0.0000,0.0000,0.6624,0.7492,
0.4206,2.4443,0.0000,0.0000,0.0000,0.6624,0.7492,
0.4214,2.4511,0.0000,0.0000,0.0000,0.6624,0.7492,
0.4222,2.4580,0.0000,0.0000,0.0000,0.6624,0.7492,
0.4231,2.4648,0.0000,0.0000,0.0000,0.6624,0.7492,
0.4239,2.4716,0.0000,0.0000,0.0000,0.6624,0.7492,
0.4256,2.4853,0.0000,0.0000,0.0000,0.5427,0.8399,
0.4284,2.4914,0.0000,0.0000,0.0000,0.5427,0.8399,
0.4312,2.4976,0.0000,0.0000,0.0000,0.5427,0.8399,
0.4340,2.5038,0.0000,0.0000,0.0000,0.5427,0.8399,
0.4368,2.5100,0.0000,0.0000,0.0000,0.5427,0.8399,
0.4396,2.5162,0.0000,0.0000,0.0000,0.5427,0.8399,
0.4423,2.5223,0.0000,0.0000,0.0000,0.5427,0.8399,
0.4451,2.5285,0.0000,0.0000,0.0000,0.5427,0.8399,
0.4479,2.5347,0.0000,0.0000,0.0000,0.5427,0.8399,
0.4507,2.5409,0.0000,0.0000,0.0000,0.5427,0.8399,
0.4535,2.5471,0.0000,0.0000,0.0000,0.5427,0.8399,
0.4591,2.5594,0.0000,0.0000,0.0000,0.4105,0.9118,
0.4637,2.5647,0.0000,0.0000,0.0000,0.4105,0.9118,
0.4684,2.5700,0.0000,0.0000,0.0000,0.4105,0.9118,
0.4731,2.5753,0.0000,0.0000,0.0000,0.4105,0.9118,
0.4778,2.5806,0.0000,0.0000,0.0000,0.4105,0.9118,
0.4824,2.5859,0.0000,0.0000,0.0000,0.4105,0.9118,
0.4871,2.5911,0.0000,0.0000,0.0000,0.4105,0.9118,
0.4918,2.5964,0.0000,0.0000,0.0000,0.4105,0.9118,
0.4965,2.6017,0.0000,0.0000,0.0000,0.4105,0.9118,
0.5012,2.6070,0.0000,0.0000,0.0000,0.4105,0.9118,
0.5058,2.6123,0.0000,0.0000,0.0000,0.4105,0.9118,
0.5105,2.6175,0.0000,0.0000,0.0000,0.4105,0.9118,
0.5199,2.6281,0.0000,0.0000,0.0000,0.2762,0.9611,
0.5257,2.6318,0.0000,0.0000,0.0000,0.2762,0.9611,
0.5315,2.6354,0.0000,0.0000,0.0000,0.2762,0.9611,
0.5373,2.6390,0.0000,0.0000,0.0000,0.2762,0.9611,
0.5431,2.6427,0.0000,0.0000,0.0000,0.2762,0.9611,
0.5489,2.6463,0.0000,0.0000,0.0000,0.2762,0.9611,
0.5548,2.6500,0.0000,0.0000,0.0000,0.2762,0.9611,
0.5606,2.6536,0.0000,0.0000,0.0000,0.2762,0.9611,
0.5664,2.6573,0.0000,0.0000,0.0000,0.2762,0.9611,
0.5722,2.6609,0.0000,0.0000,0.0000,0.2762,0.9611,
0.5780,2.6646,0.0000,0.0000,0.0000,0.2762,0.9611,
0.5838,2.6682,0.0000,0.0000,0.0000,0.2762,0.9611,
0.5897,2.6718,0.0000,0.0000,0.0000,0.2762,0.9611,
0.5955,2.6755,0.0000,0.0000,0.0000,0.2762,0.9611,
0.6013,2.6791,0.0000,0.0000,0.0000,0.2762,0.9611,
0.6071,2.6828,0.0000,0.0000,0.0000,0.2762,0.9611,
0.6129,2.6864,0.0000,0.0000,0.0000,0.2762,0.9611,
0.6246,2.6937,0.0000,0.0000,0.0000,0.1846,0.9828,
0.6311,2.6963,0.0000,0.0000,0.0000,0.1846,0.9828,
0.6377,2.6988,0.0000,0.0000,0.0000,0.1846,0.9828,
0.6443,2.7014,0.0000,0.0000,0.0000,0.1846,0.9828,
0.6508,2.7039,0.0000,0.0000,0.0000,0.1846,0.9828,
0.6574,2.7065,0.0000,0.0000,0.0000,0.1846,0.9828,
0.6640,2.7091,0.0000,0.0000,0.0000,0.1846,0.9828,
0.6706,2.7116,0.0000,0.0000,0.0000,0.1846,0.9828,
0.6771,2.7142,0.0000,0.0000,0.0000,0.1846,0.9828,
0.6837,2.7167,0.0000,0.0000,0.0000,0.1846,0.9828,
0.6903,2.7193,0.0000,0.0000,0.0000,0.1846,0.9828,
0.6968,2.7219,0.0000,0.0000,0.0000,0.1846,0.9828,
0.7034,2.7244,0.0000,0.0000,0.0000,0.1846,0.9828,
0.7100,2.7270,0.0000,0.0000,0.0000,0.1846,0.9828,
0.7166,2.7295,0.0000,0.0000,0.0000,0.1846,0.9828,
0.7231,2.7321,0.0000,0.0000,0.0000,0.1846,0.9828,
0.7363,2.7372,0.0000,0.0000,0.0000,0.0493,0.9988,
0.7429,2.7379,0.0000,0.0000,0.0000,0.0493,0.9988,
0.7496,2.7385,0.0000,0.0000,0.0000,0.0493,0.9988,
0.7562,2.7392,0.0000,0.0000,0.0000,0.0493,0.9988,
0.7629,2.7398,0.0000,0.0000,0.0000,0.0493,0.9988,
0.7695,2.7405,0.0000,0.0000,0.0000,0.0493,0.9988,
0.7762,2.7412,0.0000,0.0000,0.0000,0.0493,0.9988,
0.7828,2.7418,0.0000,0.0000,0.0000,0.0493,0.9988,
0.7895,2.7425,0.0000,0.0000,0.0000,0.0493,0.9988,
0.7962,2.7431,0.0000,0.0000,0.0000,0.0493,0.9988,
0.8028,2.7438,0.0000,0.0000,0.0000,0.0493,0.9988,
0.8095,2.7444,0.0000,0.0000,0.0000,0.0493,0.9988,
0.8161,2.7451,0.0000,0.0000,0.0000,0.0493,0.9988,
0.8228,2.7458,0.0000,0.0000,0.0000,0.0493,0.9988,
0.8294,2.7464,0.0000,0.0000,0.0000,0.0493,0.9988,
0.8361,2.7471,0.0000,0.0000,0.0000,0.0493,0.9988,
0.8427,2.7477,0.0000,0.0000,0.0000,0.0493,0.9988,
0.8494,2.7484,0.0000,0.0000,0.0000,0.0493,0.9988,
0.8560,2.7491,0.0000,0.0000,0.0000,0.0493,0.9988,
0.8627,2.7497,0.0000,0.0000,0.0000,0.0493,0.9988,
0.8693,2.7504,0.0000,0.0000,0.0000,0.0493,0.9988,
0.8826,2.7517,0.0000,0.0000,0.0000,0.0022,1.0000,
0.8893,2.7517,0.0000,0.0000,0.0000,0.0022,1.0000,
0.8960,2.7517,0.0000,0.0000,0.0000,0.0022,1.0000,
0.9026,2.7518,0.0000,0.0000,0.0000,0.0022,1.0000,
0.9093,2.7518,0.0000,0.0000,0.0000,0.0022,1.0000,
0.9160,2.7518,0.0000,0.0000,0.0000,0.0022,1.0000,
0.9227,2.7519,0.0000,0.0000,0.0000,0.0022,1.0000,
0.9293,2.7519,0.0000,0.0000,0.0000,0.0022,1.0000,
0.9360,2.7519,0.0000,0.0000,0.0000,0.0022,1.0000,
0.9427,2.7519,0.0000,0.0000,0.0000,0.0022,1.0000,
0.9493,2.7520,0.0000,0.0000,0.0000,0.0022,1.0000,
0.9560,2.7520,0.0000,0.0000,0.0000,0.0022,1.0000,
0.9627,2.7520,0.0000,0.0000,0.0000,0.0022,1.0000,
0.9693,2.7521,0.0000,0.0000,0.0000,0.0022,1.0000,
0.9760,2.7521,0.0000,0.0000,0.0000,0.0022,1.0000,
0.9827,2.7521,0.0000,0.0000,0.0000,0.0022,1.0000,
0.9894,2.7521,0.0000,0.0000,0.0000,0.0022,1.0000,
0.9960,2.7522,0.0000,0.0000,0.0000,0.0022,1.0000,
1.0027,2.7522,0.0000,0.0000,0.0000,0.0022,1.0000,
1.0094,2.7522,0.0000,0.0000,0.0000,0.0022,1.0000,
1.0160,2.7523,0.0000,0.0000,0.0000,0.0022,1.0000,
1.0227,2.7523,0.0000,0.0000,0.0000,0.0022,1.0000,
1.0294,2.7523,0.0000,0.0000,0.0000,0.0022,1.0000,
1.0360,2.7524,0.0000,0.0000,0.0000,0.0022,1.0000,
1.0427,2.7524,0.0000,0.0000,0.0000,0.0022,1.0000,
1.0494,2.7524,0.0000,0.0000,0.0000,0.0022,1.0000,
1.0561,2.7524,0.0000,0.0000,0.0000,0.0022,1.0000,
1.0627,2.7525,0.0000,0.0000,0.0000,0.0022,1.0000,
1.0694,2.7525,0.0000,0.0000,0.0000,0.0022,1.0000,
1.0761,2.7525,0.0000,0.0000,0.0000,0.0022,1.0000,
1.0827,2.7526,0.0000,0.0000,0.0000,0.0022,1.0000,
1.0894,2.7526,0.0000,0.0000,0.0000,0.0022,1.0000,
1.0961,2.7526,0.0000,0.0000,0.0000,0.0022,1.0000,
1.1027,2.7526,0.0000,0.0000,0.0000,0.0022,1.0000,
1.1094,2.7527,0.0000,0.0000,0.0000,0.0022,1.0000,
1.1161,2.7527,0.0000,0.0000,0.0000,0.0022,1.0000,
1.1228,2.7527,0.0000,0.0000,0.0000,0.0022,1.0000,
1.1294,2.7528,0.0000,0.0000,0.0000,0.0022,1.0000,
1.1361,2.7528,0.0000,0.0000,0.0000,0.0022,1.0000,
1.1428,2.7528,0.0000,0.0000,0.0000,0.0022,1.0000,
1.1494,2.7528,0.0000,0.0000,0.0000,0.0022,1.0000,
1.1561,2.7529,0.0000,0.0000,0.0000,0.0022,1.0000,
1.1628,2.7529,0.0000,0.0000,0.0000,0.0022,1.0000,
1.1695,2.7529,0.0000,0.0000,0.0000,0.0022,1.0000,
1.1761,2.7530,0.0000,0.0000,0.0000,0.0022,1.0000,
1.1828,2.7530,0.0000,0.0000,0.0000,0.0022,1.0000,
1.1895,2.7530,0.0000,0.0000,0.0000,0.0022,1.0000,
1.1961,2.7530,0.0000,0.0000,0.0000,0.0022,1.0000,
1.2028,2.7531,0.0000,0.0000,0.0000,0.0022,1.0000,
1.2095,2.7531,0.0000,0.0000,0.0000,0.0022,1.0000,
1.2161,2.7531,0.0000,0.0000,0.0000,0.0022,1.0000,
1.2228,2.7532,0.0000,0.0000,0.0000,0.0022,1.0000,
1.2295,2.7532,0.0000,0.0000,0.0000,0.0022,1.0000,
1.2362,2.7532,0.0000,0.0000,0.0000,0.0022,1.0000,
1.2428,2.7532,0.0000,0.0000,0.0000,0.0022,1.0000,
1.2495,2.7533,0.0000,0.0000,0.0000,0.0022,1.0000,
1.2562,2.7533,0.0000,0.0000,0.0000,0.0022,1.0000,
1.2628,2.7533,0.0000,0.0000,0.0000,0.0022,1.0000,
1.2695,2.7534,0.0000,0.0000,0.0000,0.0022,1.0000,
1.2762,2.7534,0.0000,0.0000,0.0000,0.0022,1.0000,
1.2828,2.7534,0.0000,0.0000,0.0000,0.0022,1.0000,
1.2895,2.7534,0.0000,0.0000,0.0000,0.0022,1.0000,
1.2962,2.7535,0.0000,0.0000,0.0000,0.0022,1.0000,
1.3029,2.7535,0.0000,0.0000,0.0000,0.0022,1.0000,
1.3095,2.7535,0.0000,0.0000,0.0000,0.0022,1.0000,
1.3162,2.7536,0.0000,0.0000,0.0000,0.0022,1.0000,
1.3229,2.7536,0.0000,0.0000,0.0000,0.0022,1.0000,
1.3295,2.7536,0.0000,0.0000,0.0000,0.0022,1.0000,
1.3362,2.7537,0.0000,0.0000,0.0000,0.0022,1.0000,
1.3429,2.7537,0.0000,0.0000,0.0000,0.0022,1.0000,
1.3495,2.7537,0.0000,0.0000,0.0000,0.0022,1.0000,
1.3562,2.7537,0.0000,0.0000,0.0000,0.0022,1.0000,
1.3629,2.7538,0.0000,0.0000,0.0000,0.0022,1.0000,
1.3696,2.7538,0.0000,0.0000,0.0000,0.0022,1.0000,
1.3762,2.7538,0.0000,0.0000,0.0000,0.0022,1.0000,
1.3829,2.7539,0.0000,0.0000,0.0000,0.0022,1.0000,
1.3896,2.7539,0.0000,0.0000,0.0000,0.0022,1.0000,
1.3962,2.7539,0.0000,0.0000,0.0000,0.0022,1.0000,
1.4029,2.7539,0.0000,0.0000,0.0000,0.0022,1.0000,
1.4096,2.7540,0.0000,0.0000,0.0000,0.0022,1.0000,
1.4162,2.7540,0.0000,0.0000,0.0000,0.0022,1.0000,
1.4229,2.7540,0.0000,0.0000,0.0000,0.0022,1.0000,
1.4296,2.7541,0.0000,0.0000,0.0000,0.0022,1.0000,
1.4363,2.7541,0.0000,0.0000,0.0000,0.0022,1.0000,
1.4429,2.7541,0.0000,0.0000,0.0000,0.0022,1.0000,
1.4496,2.7541,0.0000,0.0000,0.0000,0.0022,1.0000,
1.4563,2.7542,0.0000,0.0000,0.0000,0.0022,1.0000,
1.4629,2.7542,0.0000,0.0000,0.0000,0.0022,1.0000,
1.4696,2.7542,0.0000,0.0000,0.0000,0.0022,1.0000,
1.4763,2.7543,0.0000,0.0000,0.0000,0.0022,1.0000,
1.4829,2.7543,0.0000,0.0000,0.0000,0.0022,1.0000,
1.4896,2.7543,0.0000,0.0000,0.0000,0.0022,1.0000,
1.4963,2.7543,0.0000,0.0000,0.0000,0.0022,1.0000,
1.5030,2.7544,0.0000,0.0000,0.0000,0.0022,1.0000,
1.5096,2.7544,0.0000,0.0000,0.0000,0.0022,1.0000,
1.5163,2.7544,0.0000,0.0000,0.0000,0.0022,1.0000,
1.5230,2.7545,0.0000,0.0000,0.0000,0.0022,1.0000,
1.5296,2.7545,0.0000,0.0000,0.0000,0.0022,1.0000,
1.5363,2.7545,0.0000,0.0000,0.0000,0.0022,1.0000,
1.5430,2.7545,0.0000,0.0000,0.0000,0.0022,1.0000,
1.5496,2.7546,0.0000,0.0000,0.0000,0.0022,1.0000,
1.5563,2.7546,0.0000,0.0000,0.0000,0.0022,1.0000,
1.5630,2.7546,0.0000,0.0000,0.0000,0.0022,1.0000,
1.5697,2.7547,0.0000,0.0000,0.0000,0.0022,1.0000,
1.5763,2.7547,0.0000,0.0000,0.0000,0.0022,1.0000,
1.5830,2.7547,0.0000,0.0000,0.0000,0.0022,1.0000,
1.5897,2.7547,0.0000,0.0000,0.0000,0.0022,1.0000,
1.5963,2.7548,0.0000,0.0000,0.0000,0.0022,1.0000,
1.6030,2.7548,0.0000,0.0000,0.0000,0.0022,1.0000,
1.6097,2.7548,0.0000,0.0000,0.0000,0.0022,1.0000,
1.6163,2.7549,0.0000,0.0000,0.0000,0.0022,1.0000,
1.6230,2.7549,0.0000,0.0000,0.0000,0.0022,1.0000,
1.6297,2.7549,0.0000,0.0000,0.0000,0.0022,1.0000,
1.6364,2.7550,0.0000,0.0000,0.0000,0.0022,1.0000,
1.6430,2.7550,0.0000,0.0000,0.0000,0.0022,1.0000,
1.6497,2.7550,0.0000,0.0000,0.0000,0.0022,1.0000,
1.6564,2.7550,0.0000,0.0000,0.0000,0.0022,1.0000,
1.6630,2.7551,0.0000,0.0000,0.0000,0.0022,1.0000,
1.6697,2.7551,0.0000,0.0000,0.0000,0.0022,1.0000,
1.6764,2.7551,0.0000,0.0000,0.0000,0.0022,1.0000,
1.6830,2.7552,0.0000,0.0000,0.0000,0.0022,1.0000,
1.6897,2.7552,0.0000,0.0000,0.0000,0.0022,1.0000,
1.6964,2.7552,0.0000,0.0000,0.0000,0.0022,1.0000,
1.7031,2.7552,0.0000,0.0000,0.0000,0.0022,1.0000,
1.7097,2.7553,0.0000,0.0000,0.0000,0.0022,1.0000,
1.7164,2.7553,0.0000,0.0000,0.0000,0.0022,1.0000,
1.7231,2.7553,0.0000,0.0000,0.0000,0.0022,1.0000,
1.7297,2.7554,0.0000,0.0000,0.0000,0.0022,1.0000,
1.7364,2.7554,0.0000,0.0000,0.0000,0.0022,1.0000,
1.7431,2.7554,0.0000,0.0000,0.0000,0.0022,1.0000,
1.7497,2.7554,0.0000,0.0000,0.0000,0.0022,1.0000,
1.7564,2.7555,0.0000,0.0000,0.0000,0.0022,1.0000,
1.7631,2.7555,0.0000,0.0000,0.0000,0.0022,1.0000,
1.7698,2.7555,0.0000,0.0000,0.0000,0.0022,1.0000,
1.7764,2.7556,0.0000,0.0000,0.0000,0.0022,1.0000,
1.7831,2.7556,0.0000,0.0000,0.0000,0.0022,1.0000,
1.7898,2.7556,0.0000,0.0000,0.0000,0.0022,1.0000,
1.7964,2.7556,0.0000,0.0000,0.0000,0.0022,1.0000,
1.8031,2.7557,0.0000,0.0000,0.0000,0.0022,1.0000,
1.8098,2.7557,0.0000,0.0000,0.0000,0.0022,1.0000,
1.8164,2.7557,0.0000,0.0000,0.0000,0.0022,1.0000,
1.8231,2.7558,0.0000,0.0000,0.0000,0.0022,1.0000,
1.8298,2.7558,0.0000,0.0000,0.0000,0.0022,1.0000,
1.8365,2.7558,0.0000,0.0000,0.0000,0.0022,1.0000,
1.8431,2.7558,0.0000,0.0000,0.0000,0.0022,1.0000,
1.8498,2.7559,0.0000,0.0000,0.0000,0.0022,1.0000,
1.8565,2.7559,0.0000,0.0000,0.0000,0.0022,1.0000,
1.8631,2.7559,0.0000,0.0000,0.0000,0.0022,1.0000,
1.8698,2.7560,0.0000,0.0000,0.0000,0.0022,1.0000,
1.8765,2.7560,0.0000,0.0000,0.0000,0.0022,1.0000,
1.8831,2.7560,0.0000,0.0000,0.0000,0.0022,1.0000,
1.8898,2.7560,0.0000,0.0000,0.0000,0.0022,1.0000,
1.8965,2.7561,0.0000,0.0000,0.0000,0.0022,1.0000,
1.9032,2.7561,0.0000,0.0000,0.0000,0.0022,1.0000,
1.9098,2.7561,0.0000,0.0000,0.0000,0.0022,1.0000,
1.9165,2.7562,0.0000,0.0000,0.0000,0.0022,1.0000,
1.9232,2.7562,0.0000,0.0000,0.0000,0.0022,1.0000,
1.9298,2.7562,0.0000,0.0000,0.0000,0.0022,1.0000,
1.9365,2.7563,0.0000,0.0000,0.0000,0.0022,1.0000,
1.9432,2.7563,0.0000,0.0000,0.0000,0.0022,1.0000,
1.9498,2.7563,0.0000,0.0000,0.0000,0.0022,1.0000,
1.9565,2.7563,0.0000,0.0000,0.0000,0.0022,1.0000,
1.9632,2.7564,0.0000,0.0000,0.0000,0.0022,1.0000,
1.9699,2.7564,0.0000,0.0000,0.0000,0.0022,1.0000,
1.9765,2.7564,0.0000,0.0000,0.0000,0.0022,1.0000,
1.9832,2.7565,0.0000,0.0000,0.0000,0.0022,1.0000,
1.9899,2.7565,0.0000,0.0000,0.0000,0.0022,1.0000,
1.9965,2.7565,0.0000,0.0000,0.0000,0.0022,1.0000,
2.0032,2.7565,0.0000,0.0000,0.0000,0.0022,1.0000,
2.0099,2.7566,0.0000,0.0000,0.0000,0.0022,1.0000,
2.0165,2.7566,0.0000,0.0000,0.0000,0.0022,1.0000,
2.0232,2.7566,0.0000,0.0000,0.0000,0.0022,1.0000,
2.0299,2.7567,0.0000,0.0000,0.0000,0.0022,1.0000,
2.0366,2.7567,0.0000,0.0000,0.0000,0.0022,1.0000,
2.0432,2.7567,0.0000,0.0000,0.0000,0.0022,1.0000,
2.0499,2.7567,0.0000,0.0000,0.0000,0.0022,1.0000,
2.0566,2.7568,0.0000,0.0000,0.0000,0.0022,1.0000,
2.0632,2.7568,0.0000,0.0000,0.0000,0.0022,1.0000,
2.0699,2.7568,0.0000,0.0000,0.0000,0.0022,1.0000,
2.0766,2.7569,0.0000,0.0000,0.0000,0.0022,1.0000,
2.0832,2.7569,0.0000,0.0000,0.0000,0.0022,1.0000,
2.0899,2.7569,0.0000,0.0000,0.0000,0.0022,1.0000,
2.0966,2.7569,0.0000,0.0000,0.0000,0.0022,1.0000,
2.1033,2.7570,0.0000,0.0000,0.0000,0.0022,1.0000,
2.1099,2.7570,0.0000,0.0000,0.0000,0.0022,1.0000,
2.1166,2.7570,0.0000,0.0000,0.0000,0.0022,1.0000,
2.1233,2.7571,0.0000,0.0000,0.0000,0.0022,1.0000,
2.1299,2.7571,0.0000,0.0000,0.0000,0.0022,1.0000,
2.1366,2.7571,0.0000,0.0000,0.0000,0.0022,1.0000,
2.1433,2.7571,0.0000,0.0000,0.0000,0.0022,1.0000,
2.1499,2.7572,0.0000,0.0000,0.0000,0.0022,1.0000,
2.1566,2.7572,0.0000,0.0000,0.0000,0.0022,1.0000,
2.1633,2.7572,0.0000,0.0000,0.0000,0.0022,1.0000,
2.1700,2.7573,0.0000,0.0000,0.0000,0.0022,1.0000,
2.1766,2.7573,0.0000,0.0000,0.0000,0.0022,1.0000,
2.1833,2.7573,0.0000,0.0000,0.0000,0.0022,1.0000,
2.1900,2.7573,0.0000,0.0000,0.0000,0.0022,1.0000,
2.1966,2.7574,0.0000,0.0000,0.0000,0.0022,1.0000,
2.2033,2.7574,0.0000,0.0000,0.0000,0.0022,1.0000,
2.2100,2.7574,0.0000,0.0000,0.0000,0.0022,1.0000,
2.2166,2.7575,0.0000,0.0000,0.0000,0.0022,1.0000,
2.2233,2.7575,0.0000,0.0000,0.0000,0.0022,1.0000,
2.2300,2.7575,0.0000,0.0000,0.0000,0.0022,1.0000,
2.2367,2.7576,0.0000,0.0000,0.0000,0.0022,1.0000,
2.2433,2.7576,0.0000,0.0000,0.0000,0.0022,1.0000,
2.2500,2.7576,0.0000,0.0000,0.0000,0.0022,1.0000,
2.2567,2.7576,0.0000,0.0000,0.0000,0.0022,1.0000,
2.2633,2.7577,0.0000,0.0000,0.0000,0.0022,1.0000,
2.2700,2.7577,0.0000,0.0000,0.0000,0.0022,1.0000,
2.2767,2.7577,0.0000,0.0000,0.0000,0.0022,1.0000,
2.2833,2.7578,0.0000,0.0000,0.0000,0.0022,1.0000,
2.2900,2.7578,0.0000,0.0000,0.0000,0.0022,1.0000,
