2.3034,2.7578,0.0000,0.0000,0.0000,0.0009,1.0000,
2.3100,2.7579,0.0000,0.0000,0.0000,0.0009,1.0000,
2.3167,2.7579,0.0000,0.0000,0.0000,0.0009,1.0000,
2.3234,2.7579,0.0000,0.0000,0.0000,0.0009,1.0000,
2.3301,2.7579,0.0000,0.0000,0.0000,0.0009,1.0000,
2.3368,2.7579,0.0000,0.0000,0.0000,0.0009,1.0000,
2.3435,2.7579,0.0000,0.0000,0.0000,0.0009,1.0000,
2.3502,2.7579,0.0000,0.0000,0.0000,0.0009,1.0000,
2.3569,2.7579,0.0000,0.0000,0.0000,0.0009,1.0000,
2.3636,2.7580,0.0000,0.0000,0.0000,0.0009,1.0000,
2.3702,2.7580,0.0000,0.0000,0.0000,0.0009,1.0000,
2.3769,2.7580,0.0000,0.0000,0.0000,0.0009,1.0000,
2.3836,2.7580,0.0000,0.0000,0.0000,0.0009,1.0000,
2.3903,2.7580,0.0000,0.0000,0.0000,0.0009,1.0000,
2.3970,2.7580,0.0000,0.0000,0.0000,0.0009,1.0000,
2.4037,2.7580,0.0000,0.0000,0.0000,0.0009,1.0000,
2.4104,2.7580,0.0000,0.0000,0.0000,0.0009,1.0000,
2.4171,2.7581,0.0000,0.0000,0.0000,0.0009,1.0000,
2.4238,2.7581,0.0000,0.0000,0.0000,0.0009,1.0000,
2.4304,2.7581,0.0000,0.0000,0.0000,0.0009,1.0000,
2.4371,2.7581,0.0000,0.0000,0.0000,0.0009,1.0000,
2.4438,2.7581,0.0000,0.0000,0.0000,0.0009,1.0000,
2.4505,2.7581,0.0000,0.0000,0.0000,0.0009,1.0000,
2.4572,2.7581,0.0000,0.0000,0.0000,0.0009,1.0000,
2.4639,2.7581,0.0000,0.0000,0.0000,0.0009,1.0000,
2.4706,2.7582,0.0000,0.0000,0.0000,0.0009,1.0000,
2.4773,2.7582,0.0000,0.0000,0.0000,0.0009,1.0000,
2.4840,2.7582,0.0000,0.0000,0.0000,0.0009,1.0000,
2.4906,2.7582,0.0000,0.0000,0.0000,0.0009,1.0000,
2.4973,2.7582,0.0000,0.0000,0.0000,0.0009,1.0000,
2.5040,2.7582,0.0000,0.0000,0.0000,0.0009,1.0000,
2.5107,2.7582,0.0000,0.0000,0.0000,0.0009,1.0000,
2.5174,2.7582,0.0000,0.0000,0.0000,0.0009,1.0000,
2.5241,2.7582,0.0000,0.0000,0.0000,0.0009,1.0000,
2.5308,2.7583,0.0000,0.0000,0.0000,0.0009,1.0000,
2.5375,2.7583,0.0000,0.0000,0.0000,0.0009,1.0000,
2.5442,2.7583,0.0000,0.0000,0.0000,0.0009,1.0000,
2.5508,2.7583,0.0000,0.0000,0.0000,0.0009,1.0000,
2.5575,2.7583,0.0000,0.0000,0.0000,0.0009,1.0000,
2.5642,2.7583,0.0000,0.0000,0.0000,0.0009,1.0000,
2.5709,2.7583,0.0000,0.0000,0.0000,0.0009,1.0000,
2.5776,2.7583,0.0000,0.0000,0.0000,0.0009,1.0000,
2.5843,2.7584,0.0000,0.0000,0.0000,0.0009,1.0000,
2.5910,2.7584,0.0000,0.0000,0.0000,0.0009,1.0000,
2.5977,2.7584,0.0000,0.0000,0.0000,0.0009,1.0000,
2.6044,2.7584,0.0000,0.0000,0.0000,0.0009,1.0000,
2.6110,2.7584,0.0000,0.0000,0.0000,0.0009,1.0000,
2.6177,2.7584,0.0000,0.0000,0.0000,0.0009,1.0000,
2.6244,2.7584,0.0000,0.0000,0.0000,0.0009,1.0000,
2.6311,2.7584,0.0000,0.0000,0.0000,0.0009,1.0000,
2.6378,2.7585,0.0000,0.0000,0.0000,0.0009,1.0000,
2.6445,2.7585,0.0000,0.0000,0.0000,0.0009,1.0000,
2.6512,2.7585,0.0000,0.0000,0.0000,0.0009,1.0000,
2.6579,2.7585,0.0000,0.0000,0.0000,0.0009,1.0000,
2.6645,2.7585,0.0000,0.0000,0.0000,0.0009,1.0000,
2.6712,2.7585,0.0000,0.0000,0.0000,0.0009,1.0000,
2.6779,2.7585,0.0000,0.0000,0.0000,0.0009,1.0000,
2.6846,2.7585,0.0000,0.0000,0.0000,0.0009,1.0000,
2.6913,2.7586,0.0000,0.0000,0.0000,0.0009,1.0000,
2.6980,2.7586,0.0000,0.0000,0.0000,0.0009,1.0000,
2.7047,2.7586,0.0000,0.0000,0.0000,0.0009,1.0000,
2.7114,2.7586,0.0000,0.0000,0.0000,0.0009,1.0000,
2.7181,2.7586,0.0000,0.0000,0.0000,0.0009,1.0000,
2.7247,2.7586,0.0000,0.0000,0.0000,0.0009,1.0000,
2.7314,2.7586,0.0000,0.0000,0.0000,0.0009,1.0000,
2.7381,2.7586,0.0000,0.0000,0.0000,0.0009,1.0000,
2.7448,2.7587,0.0000,0.0000,0.0000,0.0009,1.0000,
2.7515,2.7587,0.0000,0.0000,0.0000,0.0009,1.0000,
2.7582,2.7587,0.0000,0.0000,0.0000,0.0009,1.0000,
2.7649,2.7587,0.0000,0.0000,0.0000,0.0009,1.0000,
2.7716,2.7587,0.0000,0.0000,0.0000,0.0009,1.0000,
2.7783,2.7587,0.0000,0.0000,0.0000,0.0009,1.0000,
2.7849,2.7587,0.0000,0.0000,0.0000,0.0009,1.0000,
2.7916,2.7587,0.0000,0.0000,0.0000,0.0009,1.0000,
2.7983,2.7588,0.0000,0.0000,0.0000,0.0009,1.0000,
2.8050,2.7588,0.0000,0.0000,0.0000,0.0009,1.0000,
2.8117,2.7588,0.0000,0.0000,0.0000,0.0009,1.0000,
2.8184,2.7588,0.0000,0.0000,0.0000,0.0009,1.0000,
2.8251,2.7588,0.0000,0.0000,0.0000,0.0009,1.0000,
2.8318,2.7588,0.0000,0.0000,0.0000,0.0009,1.0000,
2.8385,2.7588,0.0000,0.0000,0.0000,0.0009,1.0000,
2.8451,2.7588,0.0000,0.0000,0.0000,0.0009,1.0000,
2.8518,2.7589,0.0000,0.0000,0.0000,0.0009,1.0000,
2.8585,2.7589,0.0000,0.0000,0.0000,0.0009,1.0000,
2.8652,2.7589,0.0000,0.0000,0.0000,0.0009,1.0000,
2.8719,2.7589,0.0000,0.0000,0.0000,0.0009,1.0000,
2.8786,2.7589,0.0000,0.0000,0.0000,0.0009,1.0000,
2.8853,2.7589,0.0000,0.0000,0.0000,0.0009,1.0000,
2.8920,2.7589,0.0000,0.0000,0.0000,0.0009,1.0000,
2.8987,2.7589,0.0000,0.0000,0.0000,0.0009,1.0000,
2.9053,2.7590,0.0000,0.0000,0.0000,0.0009,1.0000,
2.9120,2.7590,0.0000,0.0000,0.0000,0.0009,1.0000,
2.9187,2.7590,0.0000,0.0000,0.0000,0.0009,1.0000,
2.9254,2.7590,0.0000,0.0000,0.0000,0.0009,1.0000,
2.9321,2.7590,0.0000,0.0000,0.0000,0.0009,1.0000,
2.9388,2.7590,0.0000,0.0000,0.0000,0.0009,1.0000,
2.9455,2.7590,0.0000,0.0000,0.0000,0.0009,1.0000,
2.9522,2.7590,0.0000,0.0000,0.0000,0.0009,1.0000,
2.9589,2.7591,0.0000,0.0000,0.0000,0.0009,1.0000,
2.9655,2.7591,0.0000,0.0000,0.0000,0.0009,1.0000,
2.9722,2.7591,0.0000,0.0000,0.0000,0.0009,1.0000,
2.9789,2.7591,0.0000,0.0000,0.0000,0.0009,1.0000,
2.9856,2.7591,0.0000,0.0000,0.0000,0.0009,1.0000,
2.9923,2.7591,0.0000,0.0000,0.0000,0.0009,1.0000,
2.9990,2.7591,0.0000,0.0000,0.0000,0.0009,1.0000,
3.0057,2.7591,0.0000,0.0000,0.0000,0.0009,1.0000,
3.0124,2.7592,0.0000,0.0000,0.0000,0.0009,1.0000,
3.0191,2.7592,0.0000,0.0000,0.0000,0.0009,1.0000,
3.0257,2.7592,0.0000,0.0000,0.0000,0.0009,1.0000,
3.0324,2.7592,0.0000,0.0000,0.0000,0.0009,1.0000,
3.0391,2.7592,0.0000,0.0000,0.0000,0.0009,1.0000,
3.0458,2.7592,0.0000,0.0000,0.0000,0.0009,1.0000,
3.0525,2.7592,0.0000,0.0000,0.0000,0.0009,1.0000,
3.0592,2.7592,0.0000,0.0000,0.0000,0.0009,1.0000,
3.0659,2.7593,0.0000,0.0000,0.0000,0.0009,1.0000,
3.0726,2.7593,0.0000,0.0000,0.0000,0.0009,1.0000,
3.0793,2.7593,0.0000,0.0000,0.0000,0.0009,1.0000,
3.0859,2.7593,0.0000,0.0000,0.0000,0.0009,1.0000,
3.0926,2.7593,0.0000,0.0000,0.0000,0.0009,1.0000,
3.0993,2.7593,0.0000,0.0000,0.0000,0.0009,1.0000,
3.1060,2.7593,0.0000,0.0000,0.0000,0.0009,1.0000,
3.1127,2.7593,0.0000,0.0000,0.0000,0.0009,1.0000,
3.1194,2.7594,0.0000,0.0000,0.0000,0.0009,1.0000,
3.1261,2.7594,0.0000,0.0000,0.0000,0.0009,1.0000,
3.1328,2.7594,0.0000,0.0000,0.0000,0.0009,1.0000,
3.1394,2.7594,0.0000,0.0000,0.0000,0.0009,1.0000,
3.1461,2.7594,0.0000,0.0000,0.0000,0.0009,1.0000,
3.1528,2.7594,0.0000,0.0000,0.0000,0.0009,1.0000,
3.1595,2.7594,0.0000,0.0000,0.0000,0.0009,1.0000,
3.1662,2.7594,0.0000,0.0000,0.0000,0.0009,1.0000,
3.1729,2.7595,0.0000,0.0000,0.0000,0.0009,1.0000,
3.1796,2.7595,0.0000,0.0000,0.0000,0.0009,1.0000,
3.1863,2.7595,0.0000,0.0000,0.0000,0.0009,1.0000,
3.1930,2.7595,0.0000,0.0000,0.0000,0.0009,1.0000,
3.1996,2.7595,0.0000,0.0000,0.0000,0.0009,1.0000,
3.2063,2.7595,0.0000,0.0000,0.0000,0.0009,1.0000,
3.2130,2.7595,0.0000,0.0000,0.0000,0.0009,1.0000,
3.2197,2.7595,0.0000,0.0000,0.0000,0.0009,1.0000,
3.2264,2.7595,0.0000,0.0000,0.0000,0.0009,1.0000,
3.2331,2.7596,0.0000,0.0000,0.0000,0.0009,1.0000,
3.2398,2.7596,0.0000,0.0000,0.0000,0.0009,1.0000,
3.2465,2.7596,0.0000,0.0000,0.0000,0.0009,1.0000,
3.2532,2.7596,0.0000,0.0000,0.0000,0.0009,1.0000,
3.2598,2.7596,0.0000,0.0000,0.0000,0.0009,1.0000,
3.2665,2.7596,0.0000,0.0000,0.0000,0.0009,1.0000,
3.2732,2.7596,0.0000,0.0000,0.0000,0.0009,1.0000,
3.2799,2.7596,0.0000,0.0000,0.0000,0.0009,1.0000,
3.2866,2.7597,0.0000,0.0000,0.0000,0.0009,1.0000,
3.2933,2.7597,0.0000,0.0000,0.0000,0.0009,1.0000,
3.3000,2.7597,0.0000,0.0000,0.0000,0.0009,1.0000,
3.3067,2.7597,0.0000,0.0000,0.0000,0.0009,1.0000,
3.3134,2.7597,0.0000,0.0000,0.0000,0.0009,1.0000,
3.3200,2.7597,0.0000,0.0000,0.0000,0.0009,1.0000,
3.3267,2.7597,0.0000,0.0000,0.0000,0.0009,1.0000,
3.3334,2.7597,0.0000,0.0000,0.0000,0.0009,1.0000,
3.3401,2.7598,0.0000,0.0000,0.0000,0.0009,1.0000,
3.3468,2.7598,0.0000,0.0000,0.0000,0.0009,1.0000,
3.3535,2.7598,0.0000,0.0000,0.0000,0.0009,1.0000,
3.3602,2.7598,0.0000,0.0000,0.0000,0.0009,1.0000,
3.3669,2.7598,0.0000,0.0000,0.0000,0.0009,1.0000,
3.3736,2.7598,0.0000,0.0000,0.0000,0.0009,1.0000,
3.3802,2.7598,0.0000,0.0000,0.0000,0.0009,1.0000,
3.3936,2.7599,0.0000,0.0000,0.0000,0.0026,1.0000,
3.4006,2.7599,0.0000,0.0000,0.0000,0.0026,1.0000,
3.4075,2.7599,0.0000,0.0000,0.0000,0.0026,1.0000,
3.4145,2.7600,0.0000,0.0000,0.0000,0.0026,1.0000,
3.4214,2.7600,0.0000,0.0000,0.0000,0.0026,1.0000,
3.4283,2.7600,0.0000,0.0000,0.0000,0.0026,1.0000,
3.4353,2.7601,0.0000,0.0000,0.0000,0.0026,1.0000,
3.4422,2.7601,0.0000,0.0000,0.0000,0.0026,1.0000,
3.4492,2.7601,0.0000,0.0000,0.0000,0.0026,1.0000,
3.4561,2.7602,0.0000,0.0000,0.0000,0.0026,1.0000,
3.4631,2.7602,0.0000,0.0000,0.0000,0.0026,1.0000,
3.4700,2.7603,0.0000,0.0000,0.0000,0.0026,1.0000,
3.4770,2.7603,0.0000,0.0000,0.0000,0.0026,1.0000,
3.4839,2.7603,0.0000,0.0000,0.0000,0.0026,1.0000,
