3.4978,2.7604,0.0000,0.0000,0.0000,-0.0069,1.0000,
3.5045,2.7603,0.0000,0.0000,0.0000,-0.0069,1.0000,
3.5112,2.7602,0.0000,0.0000,0.0000,-0.0069,1.0000,
3.5179,2.7601,0.0000,0.0000,0.0000,-0.0069,1.0000,
3.5246,2.7600,0.0000,0.0000,0.0000,-0.0069,1.0000,
3.5313,2.7599,0.0000,0.0000,0.0000,-0.0069,1.0000,
3.5380,2.7598,0.0000,0.0000,0.0000,-0.0069,1.0000,
3.5447,2.7597,0.0000,0.0000,0.0000,-0.0069,1.0000,
3.5514,2.7597,0.0000,0.0000,0.0000,-0.0069,1.0000,
3.5581,2.7596,0.0000,0.0000,0.0000,-0.0069,1.0000,
3.5648,2.7595,0.0000,0.0000,0.0000,-0.0069,1.0000,
3.5715,2.7594,0.0000,0.0000,0.0000,-0.0069,1.0000,
3.5782,2.7593,0.0000,0.0000,0.0000,-0.0069,1.0000,
3.5849,2.7592,0.0000,0.0000,0.0000,-0.0069,1.0000,
3.5916,2.7591,0.0000,0.0000,0.0000,-0.0069,1.0000,
3.5983,2.7590,0.0000,0.0000,0.0000,-0.0069,1.0000,
3.6051,2.7589,0.0000,0.0000,0.0000,-0.0069,1.0000,
3.6118,2.7588,0.0000,0.0000,0.0000,-0.0069,1.0000,
3.6185,2.7587,0.0000,0.0000,0.0000,-0.0069,1.0000,
3.6252,2.7586,0.0000,0.0000,0.0000,-0.0069,1.0000,
3.6319,2.7585,0.0000,0.0000,0.0000,-0.0069,1.0000,
3.6386,2.7585,0.0000,0.0000,0.0000,-0.0069,1.0000,
3.6453,2.7584,0.0000,0.0000,0.0000,-0.0069,1.0000,
3.6520,2.7583,0.0000,0.0000,0.0000,-0.0069,1.0000,
3.6587,2.7582,0.0000,0.0000,0.0000,-0.0069,1.0000,
3.6654,2.7581,0.0000,0.0000,0.0000,-0.0069,1.0000,
3.6721,2.7580,0.0000,0.0000,0.0000,-0.0069,1.0000,
3.6788,2.7579,0.0000,0.0000,0.0000,-0.0069,1.0000,
3.6855,2.7578,0.0000,0.0000,0.0000,-0.0069,1.0000,
3.6922,2.7577,0.0000,0.0000,0.0000,-0.0069,1.0000,
3.6989,2.7576,0.0000,0.0000,0.0000,-0.0069,1.0000,
3.7056,2.7575,0.0000,0.0000,0.0000,-0.0069,1.0000,
3.7123,2.7574,0.0000,0.0000,0.0000,-0.0069,1.0000,
3.7190,2.7573,0.0000,0.0000,0.0000,-0.0069,1.0000,
3.7257,2.7572,0.0000,0.0000,0.0000,-0.0069,1.0000,
3.7324,2.7572,0.0000,0.0000,0.0000,-0.0069,1.0000,
3.7391,2.7571,0.0000,0.0000,0.0000,-0.0069,1.0000,
3.7458,2.7570,0.0000,0.0000,0.0000,-0.0069,1.0000,
3.7525,2.7569,0.0000,0.0000,0.0000,-0.0069,1.0000,
3.7592,2.7568,0.0000,0.0000,0.0000,-0.0069,1.0000,
3.7659,2.7567,0.0000,0.0000,0.0000,-0.0069,1.0000,
3.7726,2.7566,0.0000,0.0000,0.0000,-0.0069,1.0000,
3.7793,2.7565,0.0000,0.0000,0.0000,-0.0069,1.0000,
3.7861,2.7564,0.0000,0.0000,0.0000,-0.0069,1.0000,
3.7928,2.7563,0.0000,0.0000,0.0000,-0.0069,1.0000,
3.7995,2.7562,0.0000,0.0000,0.0000,-0.0069,1.0000,
3.8062,2.7561,0.0000,0.0000,0.0000,-0.0069,1.0000,
3.8129,2.7560,0.0000,0.0000,0.0000,-0.0069,1.0000,
3.8196,2.7560,0.0000,0.0000,0.0000,-0.0069,1.0000,
3.8263,2.7559,0.0000,0.0000,0.0000,-0.0069,1.0000,
3.8330,2.7558,0.0000,0.0000,0.0000,-0.0069,1.0000,
3.8397,2.7557,0.0000,0.0000,0.0000,-0.0069,1.0000,
3.8464,2.7556,0.0000,0.0000,0.0000,-0.0069,1.0000,
3.8531,2.7555,0.0000,0.0000,0.0000,-0.0069,1.0000,
3.8598,2.7554,0.0000,0.0000,0.0000,-0.0069,1.0000,
3.8665,2.7553,0.0000,0.0000,0.0000,-0.0069,1.0000,
3.8732,2.7552,0.0000,0.0000,0.0000,-0.0069,1.0000,
3.8799,2.7551,0.0000,0.0000,0.0000,-0.0069,1.0000,
3.8866,2.7550,0.0000,0.0000,0.0000,-0.0069,1.0000,
3.8933,2.7549,0.0000,0.0000,0.0000,-0.0069,1.0000,
3.9000,2.7548,0.0000,0.0000,0.0000,-0.0069,1.0000,
3.9067,2.7547,0.0000,0.0000,0.0000,-0.0069,1.0000,
3.9134,2.7547,0.0000,0.0000,0.0000,-0.0069,1.0000,
3.9201,2.7546,0.0000,0.0000,0.0000,-0.0069,1.0000,
3.9268,2.7545,0.0000,0.0000,0.0000,-0.0069,1.0000,
3.9335,2.7544,0.0000,0.0000,0.0000,-0.0069,1.0000,
3.9402,2.7543,0.0000,0.0000,0.0000,-0.0069,1.0000,
3.9469,2.7542,0.0000,0.0000,0.0000,-0.0069,1.0000,
3.9536,2.7541,0.0000,0.0000,0.0000,-0.0069,1.0000,
3.9603,2.7540,0.0000,0.0000,0.0000,-0.0069,1.0000,
3.9671,2.7539,0.0000,0.0000,0.0000,-0.0069,1.0000,
3.9738,2.7538,0.0000,0.0000,0.0000,-0.0069,1.0000,
3.9805,2.7537,0.0000,0.0000,0.0000,-0.0069,1.0000,
3.9872,2.7536,0.0000,0.0000,0.0000,-0.0069,1.0000,
3.9939,2.7535,0.0000,0.0000,0.0000,-0.0069,1.0000,
4.0006,2.7535,0.0000,0.0000,0.0000,-0.0069,1.0000,
4.0073,2.7534,0.0000,0.0000,0.0000,-0.0069,1.0000,
4.0140,2.7533,0.0000,0.0000,0.0000,-0.0069,1.0000,
4.0207,2.7532,0.0000,0.0000,0.0000,-0.0069,1.0000,
4.0274,2.7531,0.0000,0.0000,0.0000,-0.0069,1.0000,
4.0341,2.7530,0.0000,0.0000,0.0000,-0.0069,1.0000,
4.0408,2.7529,0.0000,0.0000,0.0000,-0.0069,1.0000,
4.0475,2.7528,0.0000,0.0000,0.0000,-0.0069,1.0000,
4.0542,2.7527,0.0000,0.0000,0.0000,-0.0069,1.0000,
4.0609,2.7526,0.0000,0.0000,0.0000,-0.0069,1.0000,
4.0676,2.7525,0.0000,0.0000,0.0000,-0.0069,1.0000,
4.0743,2.7524,0.0000,0.0000,0.0000,-0.0069,1.0000,
4.0810,2.7523,0.0000,0.0000,0.0000,-0.0069,1.0000,
4.0877,2.7522,0.0000,0.0000,0.0000,-0.0069,1.0000,
4.0944,2.7522,0.0000,0.0000,0.0000,-0.0069,1.0000,
4.1011,2.7521,0.0000,0.0000,0.0000,-0.0069,1.0000,
4.1078,2.7520,0.0000,0.0000,0.0000,-0.0069,1.0000,
4.1145,2.7519,0.0000,0.0000,0.0000,-0.0069,1.0000,
4.1212,2.7518,0.0000,0.0000,0.0000,-0.0069,1.0000,
4.1279,2.7517,0.0000,0.0000,0.0000,-0.0069,1.0000,
4.1346,2.7516,0.0000,0.0000,0.0000,-0.0069,1.0000,
4.1413,2.7515,0.0000,0.0000,0.0000,-0.0069,1.0000,
4.1481,2.7514,0.0000,0.0000,0.0000,-0.0069,1.0000,
4.1548,2.7513,0.0000,0.0000,0.0000,-0.0069,1.0000,
4.1615,2.7512,0.0000,0.0000,0.0000,-0.0069,1.0000,
4.1682,2.7511,0.0000,0.0000,0.0000,-0.0069,1.0000,
4.1749,2.7510,0.0000,0.0000,0.0000,-0.0069,1.0000,
4.1816,2.7510,0.0000,0.0000,0.0000,-0.0069,1.0000,
4.1883,2.7509,0.0000,0.0000,0.0000,-0.0069,1.0000,
4.1950,2.7508,0.0000,0.0000,0.0000,-0.0069,1.0000,
4.2017,2.7507,0.0000,0.0000,0.0000,-0.0069,1.0000,
4.2084,2.7506,0.0000,0.0000,0.0000,-0.0069,1.0000,
4.2151,2.7505,0.0000,0.0000,0.0000,-0.0069,1.0000,
4.2218,2.7504,0.0000,0.0000,0.0000,-0.0069,1.0000,
4.2285,2.7503,0.0000,0.0000,0.0000,-0.0069,1.0000,
4.2352,2.7502,0.0000,0.0000,0.0000,-0.0069,1.0000,
4.2419,2.7501,0.0000,0.0000,0.0000,-0.0069,1.0000,
4.2486,2.7500,0.0000,0.0000,0.0000,-0.0069,1.0000,
4.2553,2.7499,0.0000,0.0000,0.0000,-0.0069,1.0000,
4.2620,2.7498,0.0000,0.0000,0.0000,-0.0069,1.0000,
4.2687,2.7497,0.0000,0.0000,0.0000,-0.0069,1.0000,
4.2754,2.7497,0.0000,0.0000,0.0000,-0.0069,1.0000,
4.2821,2.7496,0.0000,0.0000,0.0000,-0.0069,1.0000,
4.2888,2.7495,0.0000,0.0000,0.0000,-0.0069,1.0000,
4.2955,2.7494,0.0000,0.0000,0.0000,-0.0069,1.0000,
4.3022,2.7493,0.0000,0.0000,0.0000,-0.0069,1.0000,
4.3089,2.7492,0.0000,0.0000,0.0000,-0.0069,1.0000,
4.3156,2.7491,0.0000,0.0000,0.0000,-0.0069,1.0000,
4.3223,2.7490,0.0000,0.0000,0.0000,-0.0069,1.0000,
4.3291,2.7489,0.0000,0.0000,0.0000,-0.0069,1.0000,
4.3358,2.7488,0.0000,0.0000,0.0000,-0.0069,1.0000,
4.3425,2.7487,0.0000,0.0000,0.0000,-0.0069,1.0000,
4.3492,2.7486,0.0000,0.0000,0.0000,-0.0069,1.0000,
4.3559,2.7485,0.0000,0.0000,0.0000,-0.0069,1.0000,
4.3626,2.7485,0.0000,0.0000,0.0000,-0.0069,1.0000,
4.3693,2.7484,0.0000,0.0000,0.0000,-0.0069,1.0000,
4.3760,2.7483,0.0000,0.0000,0.0000,-0.0069,1.0000,
4.3827,2.7482,0.0000,0.0000,0.0000,-0.0069,1.0000,
4.3961,2.7480,0.0000,0.0000,0.0000,-0.0644,0.9979,
4.4030,2.7471,0.0000,0.0000,0.0000,-0.0644,0.9979,
4.4098,2.7462,0.0000,0.0000,0.0000,-0.0644,0.9979,
4.4167,2.7453,0.0000,0.0000,0.0000,-0.0644,0.9979,
4.4236,2.7444,0.0000,0.0000,0.0000,-0.0644,0.9979,
4.4305,2.7435,0.0000,0.0000,0.0000,-0.0644,0.9979,
4.4373,2.7426,0.0000,0.0000,0.0000,-0.0644,0.9979,
4.4442,2.7418,0.0000,0.0000,0.0000,-0.0644,0.9979,
4.4511,2.7409,0.0000,0.0000,0.0000,-0.0644,0.9979,
4.4580,2.7400,0.0000,0.0000,0.0000,-0.0644,0.9979,
4.4649,2.7391,0.0000,0.0000,0.0000,-0.0644,0.9979,
4.4717,2.7382,0.0000,0.0000,0.0000,-0.0644,0.9979,
4.4786,2.7373,0.0000,0.0000,0.0000,-0.0644,0.9979,
4.4855,2.7364,0.0000,0.0000,0.0000,-0.0644,0.9979,
4.4924,2.7355,0.0000,0.0000,0.0000,-0.0644,0.9979,
4.4992,2.7346,0.0000,0.0000,0.0000,-0.0644,0.9979,
4.5130,2.7328,0.0000,0.0000,0.0000,-0.1871,0.9823,
4.5193,2.7303,0.0000,0.0000,0.0000,-0.1871,0.9823,
4.5257,2.7278,0.0000,0.0000,0.0000,-0.1871,0.9823,
4.5320,2.7253,0.0000,0.0000,0.0000,-0.1871,0.9823,
4.5384,2.7228,0.0000,0.0000,0.0000,-0.1871,0.9823,
4.5447,2.7203,0.0000,0.0000,0.0000,-0.1871,0.9823,
4.5511,2.7178,0.0000,0.0000,0.0000,-0.1871,0.9823,
4.5574,2.7153,0.0000,0.0000,0.0000,-0.1871,0.9823,
4.5638,2.7128,0.0000,0.0000,0.0000,-0.1871,0.9823,
4.5701,2.7103,0.0000,0.0000,0.0000,-0.1871,0.9823,
4.5765,2.7078,0.0000,0.0000,0.0000,-0.1871,0.9823,
4.5828,2.7052,0.0000,0.0000,0.0000,-0.1871,0.9823,
4.5892,2.7027,0.0000,0.0000,0.0000,-0.1871,0.9823,
4.6019,2.6977,0.0000,0.0000,0.0000,-0.3909,0.9204,
4.6065,2.6929,0.0000,0.0000,0.0000,-0.3909,0.9204,
4.6112,2.6880,0.0000,0.0000,0.0000,-0.3909,0.9204,
4.6159,2.6832,0.0000,0.0000,0.0000,-0.3909,0.9204,
4.6206,2.6783,0.0000,0.0000,0.0000,-0.3909,0.9204,
4.6253,2.6735,0.0000,0.0000,0.0000,-0.3909,0.9204,
4.6300,2.6686,0.0000,0.0000,0.0000,-0.3909,0.9204,
4.6346,2.6637,0.0000,0.0000,0.0000,-0.3909,0.9204,
4.6393,2.6589,0.0000,0.0000,0.0000,-0.3909,0.9204,
4.6440,2.6540,0.0000,0.0000,0.0000,-0.3909,0.9204,
4.6487,2.6492,0.0000,0.0000,0.0000,-0.3909,0.9204,
4.6581,2.6395,0.0000,0.0000,0.0000,-0.4783,0.8782,
4.6618,2.6338,0.0000,0.0000,0.0000,-0.4783,0.8782,
4.6655,2.6280,0.0000,0.0000,0.0000,-0.4783,0.8782,
4.6692,2.6223,0.0000,0.0000,0.0000,-0.4783,0.8782,
4.6729,2.6166,0.0000,0.0000,0.0000,-0.4783,0.8782,
4.6766,2.6109,0.0000,0.0000,0.0000,-0.4783,0.8782,
4.6803,2.6051,0.0000,0.0000,0.0000,-0.4783,0.8782,
4.6839,2.5994,0.0000,0.0000,0.0000,-0.4783,0.8782,
4.6876,2.5937,0.0000,0.0000,0.0000,-0.4783,0.8782,
4.6913,2.5880,0.0000,0.0000,0.0000,-0.4783,0.8782,
4.6950,2.5822,0.0000,0.0000,0.0000,-0.4783,0.8782,
4.6987,2.5765,0.0000,0.0000,0.0000,-0.4783,0.8782,
4.7024,2.5708,0.0000,0.0000,0.0000,-0.4783,0.8782,
4.7061,2.5651,0.0000,0.0000,0.0000,-0.4783,0.8782,
4.7135,2.5536,0.0000,0.0000,0.0000,-0.5520,0.8339,
4.7162,2.5473,0.0000,0.0000,0.0000,-0.5520,0.8339,
4.7189,2.5410,0.0000,0.0000,0.0000,-0.5520,0.8339,
4.7215,2.5347,0.0000,0.0000,0.0000,-0.5520,0.8339,
4.7242,2.5284,0.0000,0.0000,0.0000,-0.5520,0.8339,
4.7269,2.5221,0.0000,0.0000,0.0000,-0.5520,0.8339,
4.7296,2.5158,0.0000,0.0000,0.0000,-0.5520,0.8339,
4.7322,2.5095,0.0000,0.0000,0.0000,-0.5520,0.8339,
4.7349,2.5032,0.0000,0.0000,0.0000,-0.5520,0.8339,
4.7402,2.4907,0.0000,0.0000,0.0000,-0.6938,0.7202,
4.7405,2.4839,0.0000,0.0000,0.0000,-0.6938,0.7202,
4.7408,2.4771,0.0000,0.0000,0.0000,-0.6938,0.7202,
4.7410,2.4703,0.0000,0.0000,0.0000,-0.6938,0.7202,
4.7413,2.4635,0.0000,0.0000,0.0000,-0.6938,0.7202,
4.7415,2.4567,0.0000,0.0000,0.0000,-0.6938,0.7202,
4.7418,2.4499,0.0000,0.0000,0.0000,-0.6938,0.7202,
4.7420,2.4431,0.0000,0.0000,0.0000,-0.6938,0.7202,
4.7423,2.4364,0.0000,0.0000,0.0000,-0.6938,0.7202,
4.7428,2.4228,0.0000,0.0000,0.0000,-0.6952,0.7188,
4.7430,2.4161,0.0000,0.0000,0.0000,-0.6952,0.7188,
4.7432,2.4094,0.0000,0.0000,0.0000,-0.6952,0.7188,
4.7435,2.4027,0.0000,0.0000,0.0000,-0.6952,0.7188,
4.7437,2.3960,0.0000,0.0000,0.0000,-0.6952,0.7188,
4.7439,2.3893,0.0000,0.0000,0.0000,-0.6952,0.7188,
4.7441,2.3825,0.0000,0.0000,0.0000,-0.6952,0.7188,
4.7444,2.3758,0.0000,0.0000,0.0000,-0.6952,0.7188,
4.7446,2.3691,0.0000,0.0000,0.0000,-0.6952,0.7188,
4.7448,2.3624,0.0000,0.0000,0.0000,-0.6952,0.7188,
4.7450,2.3557,0.0000,0.0000,0.0000,-0.6952,0.7188,
4.7452,2.3490,0.0000,0.0000,0.0000,-0.6952,0.7188,
4.7455,2.3423,0.0000,0.0000,0.0000,-0.6952,0.7188,
4.7457,2.3356,0.0000,0.0000,0.0000,-0.6952,0.7188,
4.7459,2.3289,0.0000,0.0000,0.0000,-0.6952,0.7188,
4.7461,2.3222,0.0000,0.0000,0.0000,-0.6952,0.7188,
4.7464,2.3155,0.0000,0.0000,0.0000,-0.6952,0.7188,
4.7466,2.3088,0.0000,0.0000,0.0000,-0.6952,0.7188,
4.7468,2.3021,0.0000,0.0000,0.0000,-0.6952,0.7188,
4.7470,2.2954,0.0000,0.0000,0.0000,-0.6952,0.7188,
4.7473,2.2887,0.0000,0.0000,0.0000,-0.6952,0.7188,
4.7475,2.2820,0.0000,0.0000,0.0000,-0.6952,0.7188,
4.7477,2.2752,0.0000,0.0000,0.0000,-0.6952,0.7188,
4.7479,2.2685,0.0000,0.0000,0.0000,-0.6952,0.7188,
4.7482,2.2618,0.0000,0.0000,0.0000,-0.6952,0.7188,
4.7484,2.2551,0.0000,0.0000,0.0000,-0.6952,0.7188,
4.7486,2.2484,0.0000,0.0000,0.0000,-0.6952,0.7188,
4.7488,2.2417,0.0000,0.0000,0.0000,-0.6952,0.7188,
4.7491,2.2350,0.0000,0.0000,0.0000,-0.6952,0.7188,
4.7493,2.2283,0.0000,0.0000,0.0000,-0.6952,0.7188,
4.7495,2.2216,0.0000,0.0000,0.0000,-0.6952,0.7188,
4.7497,2.2149,0.0000,0.0000,0.0000,-0.6952,0.7188,
4.7500,2.2082,0.0000,0.0000,0.0000,-0.6952,0.7188,
4.7502,2.2015,0.0000,0.0000,0.0000,-0.6952,0.7188,
4.7504,2.1948,0.0000,0.0000,0.0000,-0.6952,0.7188,
4.7506,2.1881,0.0000,0.0000,0.0000,-0.6952,0.7188,
4.7508,2.1814,0.0000,0.0000,0.0000,-0.6952,0.7188,
4.7511,2.1747,0.0000,0.0000,0.0000,-0.6952,0.7188,
4.7513,2.1680,0.0000,0.0000,0.0000,-0.6952,0.7188,
4.7515,2.1612,0.0000,0.0000,0.0000,-0.6952,0.7188,
4.7517,2.1545,0.0000,0.0000,0.0000,-0.6952,0.7188,
4.7520,2.1478,0.0000,0.0000,0.0000,-0.6952,0.7188,
