4.7524,2.1344,0.0000,0.0000,0.0000,-0.7059,0.7084,
4.7524,2.1277,0.0000,0.0000,0.0000,-0.7059,0.7084,
4.7525,2.1210,0.0000,0.0000,0.0000,-0.7059,0.7084,
4.7525,2.1143,0.0000,0.0000,0.0000,-0.7059,0.7084,
4.7525,2.1077,0.0000,0.0000,0.0000,-0.7059,0.7084,
4.7525,2.1010,0.0000,0.0000,0.0000,-0.7059,0.7084,
4.7526,2.0943,0.0000,0.0000,0.0000,-0.7059,0.7084,
4.7526,2.0876,0.0000,0.0000,0.0000,-0.7059,0.7084,
4.7526,2.0809,0.0000,0.0000,0.0000,-0.7059,0.7084,
4.7526,2.0742,0.0000,0.0000,0.0000,-0.7059,0.7084,
4.7527,2.0675,0.0000,0.0000,0.0000,-0.7059,0.7084,
4.7527,2.0608,0.0000,0.0000,0.0000,-0.7059,0.7084,
4.7527,2.0541,0.0000,0.0000,0.0000,-0.7059,0.7084,
4.7527,2.0474,0.0000,0.0000,0.0000,-0.7059,0.7084,
4.7527,2.0407,0.0000,0.0000,0.0000,-0.7059,0.7084,
4.7528,2.0340,0.0000,0.0000,0.0000,-0.7059,0.7084,
4.7528,2.0274,0.0000,0.0000,0.0000,-0.7059,0.7084,
4.7528,2.0207,0.0000,0.0000,0.0000,-0.7059,0.7084,
4.7528,2.0140,0.0000,0.0000,0.0000,-0.7059,0.7084,
4.7529,2.0073,0.0000,0.0000,0.0000,-0.7059,0.7084,
4.7529,2.0006,0.0000,0.0000,0.0000,-0.7059,0.7084,
4.7529,1.9939,0.0000,0.0000,0.0000,-0.7059,0.7084,
4.7529,1.9872,0.0000,0.0000,0.0000,-0.7059,0.7084,
4.7530,1.9805,0.0000,0.0000,0.0000,-0.7059,0.7084,
4.7530,1.9738,0.0000,0.0000,0.0000,-0.7059,0.7084,
4.7530,1.9671,0.0000,0.0000,0.0000,-0.7059,0.7084,
4.7530,1.9604,0.0000,0.0000,0.0000,-0.7059,0.7084,
4.7531,1.9537,0.0000,0.0000,0.0000,-0.7059,0.7084,
4.7531,1.9470,0.0000,0.0000,0.0000,-0.7059,0.7084,
4.7531,1.9404,0.0000,0.0000,0.0000,-0.7059,0.7084,
4.7531,1.9337,0.0000,0.0000,0.0000,-0.7059,0.7084,
4.7532,1.9270,0.0000,0.0000,0.0000,-0.7059,0.7084,
4.7532,1.9203,0.0000,0.0000,0.0000,-0.7059,0.7084,
4.7532,1.9136,0.0000,0.0000,0.0000,-0.7059,0.7084,
4.7532,1.9069,0.0000,0.0000,0.0000,-0.7059,0.7084,
4.7532,1.9002,0.0000,0.0000,0.0000,-0.7059,0.7084,
4.7533,1.8935,0.0000,0.0000,0.0000,-0.7059,0.7084,
4.7533,1.8868,0.0000,0.0000,0.0000,-0.7059,0.7084,
4.7533,1.8801,0.0000,0.0000,0.0000,-0.7059,0.7084,
4.7533,1.8734,0.0000,0.0000,0.0000,-0.7059,0.7084,
4.7534,1.8667,0.0000,0.0000,0.0000,-0.7059,0.7084,
4.7534,1.8601,0.0000,0.0000,0.0000,-0.7059,0.7084,
4.7534,1.8534,0.0000,0.0000,0.0000,-0.7059,0.7084,
4.7534,1.8467,0.0000,0.0000,0.0000,-0.7059,0.7084,
4.7535,1.8400,0.0000,0.0000,0.0000,-0.7059,0.7084,
4.7535,1.8333,0.0000,0.0000,0.0000,-0.7059,0.7084,
4.7535,1.8266,0.0000,0.0000,0.0000,-0.7059,0.7084,
4.7535,1.8199,0.0000,0.0000,0.0000,-0.7059,0.7084,
4.7536,1.8132,0.0000,0.0000,0.0000,-0.7059,0.7084,
4.7536,1.8065,0.0000,0.0000,0.0000,-0.7059,0.7084,
4.7536,1.7998,0.0000,0.0000,0.0000,-0.7059,0.7084,
4.7536,1.7931,0.0000,0.0000,0.0000,-0.7059,0.7084,
4.7536,1.7864,0.0000,0.0000,0.0000,-0.7059,0.7084,
4.7537,1.7797,0.0000,0.0000,0.0000,-0.7059,0.7084,
4.7537,1.7731,0.0000,0.0000,0.0000,-0.7059,0.7084,
4.7537,1.7664,0.0000,0.0000,0.0000,-0.7059,0.7084,
4.7537,1.7597,0.0000,0.0000,0.0000,-0.7059,0.7084,
4.7538,1.7530,0.0000,0.0000,0.0000,-0.7059,0.7084,
4.7538,1.7463,0.0000,0.0000,0.0000,-0.7059,0.7084,
4.7538,1.7396,0.0000,0.0000,0.0000,-0.7059,0.7084,
4.7538,1.7329,0.0000,0.0000,0.0000,-0.7059,0.7084,
4.7539,1.7262,0.0000,0.0000,0.0000,-0.7059,0.7084,
4.7539,1.7195,0.0000,0.0000,0.0000,-0.7059,0.7084,
4.7539,1.7128,0.0000,0.0000,0.0000,-0.7059,0.7084,
4.7539,1.7061,0.0000,0.0000,0.0000,-0.7059,0.7084,
4.7540,1.6994,0.0000,0.0000,0.0000,-0.7059,0.7084,
4.7540,1.6928,0.0000,0.0000,0.0000,-0.7059,0.7084,
4.7540,1.6861,0.0000,0.0000,0.0000,-0.7059,0.7084,
4.7540,1.6794,0.0000,0.0000,0.0000,-0.7059,0.7084,
4.7541,1.6727,0.0000,0.0000,0.0000,-0.7059,0.7084,
4.7541,1.6660,0.0000,0.0000,0.0000,-0.7059,0.7084,
4.7541,1.6593,0.0000,0.0000,0.0000,-0.7059,0.7084,
4.7541,1.6526,0.0000,0.0000,0.0000,-0.7059,0.7084,
4.7541,1.6459,0.0000,0.0000,0.0000,-0.7059,0.7084,
4.7542,1.6392,0.0000,0.0000,0.0000,-0.7059,0.7084,
4.7542,1.6325,0.0000,0.0000,0.0000,-0.7059,0.7084,
4.7542,1.6258,0.0000,0.0000,0.0000,-0.7059,0.7084,
4.7542,1.6191,0.0000,0.0000,0.0000,-0.7059,0.7084,
4.7543,1.6124,0.0000,0.0000,0.0000,-0.7059,0.7084,
4.7543,1.6058,0.0000,0.0000,0.0000,-0.7059,0.7084,
4.7543,1.5991,0.0000,0.0000,0.0000,-0.7059,0.7084,
4.7543,1.5924,0.0000,0.0000,0.0000,-0.7059,0.7084,
4.7544,1.5857,0.0000,0.0000,0.0000,-0.7059,0.7084,
4.7544,1.5790,0.0000,0.0000,0.0000,-0.7059,0.7084,
4.7544,1.5723,0.0000,0.0000,0.0000,-0.7059,0.7084,
4.7544,1.5656,0.0000,0.0000,0.0000,-0.7059,0.7084,
4.7545,1.5589,0.0000,0.0000,0.0000,-0.7059,0.7084,
4.7545,1.5522,0.0000,0.0000,0.0000,-0.7059,0.7084,
4.7545,1.5455,0.0000,0.0000,0.0000,-0.7059,0.7084,
4.7545,1.5388,0.0000,0.0000,0.0000,-0.7059,0.7084,
4.7545,1.5321,0.0000,0.0000,0.0000,-0.7059,0.7084,
4.7546,1.5255,0.0000,0.0000,0.0000,-0.7059,0.7084,
4.7546,1.5188,0.0000,0.0000,0.0000,-0.7059,0.7084,
4.7546,1.5121,0.0000,0.0000,0.0000,-0.7059,0.7084,
4.7546,1.5054,0.0000,0.0000,0.0000,-0.7059,0.7084,
4.7547,1.4987,0.0000,0.0000,0.0000,-0.7059,0.7084,
4.7547,1.4920,0.0000,0.0000,0.0000,-0.7059,0.7084,
4.7547,1.4853,0.0000,0.0000,0.0000,-0.7059,0.7084,
4.7547,1.4786,0.0000,0.0000,0.0000,-0.7059,0.7084,
4.7548,1.4719,0.0000,0.0000,0.0000,-0.7059,0.7084,
4.7548,1.4652,0.0000,0.0000,0.0000,-0.7059,0.7084,
4.7548,1.4585,0.0000,0.0000,0.0000,-0.7059,0.7084,
4.7548,1.4518,0.0000,0.0000,0.0000,-0.7059,0.7084,
4.7549,1.4452,0.0000,0.0000,0.0000,-0.7059,0.7084,
4.7549,1.4385,0.0000,0.0000,0.0000,-0.7059,0.7084,
4.7549,1.4318,0.0000,0.0000,0.0000,-0.7059,0.7084,
4.7549,1.4251,0.0000,0.0000,0.0000,-0.7059,0.7084,
4.7549,1.4184,0.0000,0.0000,0.0000,-0.7059,0.7084,
4.7550,1.4117,0.0000,0.0000,0.0000,-0.7059,0.7084,
4.7550,1.4050,0.0000,0.0000,0.0000,-0.7059,0.7084,
4.7550,1.3983,0.0000,0.0000,0.0000,-0.7059,0.7084,
4.7550,1.3916,0.0000,0.0000,0.0000,-0.7059,0.7084,
4.7551,1.3849,0.0000,0.0000,0.0000,-0.7059,0.7084,
4.7551,1.3782,0.0000,0.0000,0.0000,-0.7059,0.7084,
4.7551,1.3715,0.0000,0.0000,0.0000,-0.7059,0.7084,
4.7551,1.3648,0.0000,0.0000,0.0000,-0.7059,0.7084,
4.7552,1.3582,0.0000,0.0000,0.0000,-0.7059,0.7084,
4.7552,1.3515,0.0000,0.0000,0.0000,-0.7059,0.7084,
4.7552,1.3448,0.0000,0.0000,0.0000,-0.7059,0.7084,
4.7552,1.3381,0.0000,0.0000,0.0000,-0.7059,0.7084,
4.7553,1.3314,0.0000,0.0000,0.0000,-0.7059,0.7084,
4.7553,1.3247,0.0000,0.0000,0.0000,-0.7059,0.7084,
4.7553,1.3180,0.0000,0.0000,0.0000,-0.7059,0.7084,
4.7553,1.3113,0.0000,0.0000,0.0000,-0.7059,0.7084,
4.7554,1.3046,0.0000,0.0000,0.0000,-0.7059,0.7084,
4.7554,1.2979,0.0000,0.0000,0.0000,-0.7059,0.7084,
4.7554,1.2912,0.0000,0.0000,0.0000,-0.7059,0.7084,
4.7554,1.2845,0.0000,0.0000,0.0000,-0.7059,0.7084,
4.7554,1.2779,0.0000,0.0000,0.0000,-0.7059,0.7084,
4.7555,1.2712,0.0000,0.0000,0.0000,-0.7059,0.7084,
4.7555,1.2645,0.0000,0.0000,0.0000,-0.7059,0.7084,
4.7555,1.2578,0.0000,0.0000,0.0000,-0.7059,0.7084,
4.7555,1.2511,0.0000,0.0000,0.0000,-0.7059,0.7084,
4.7556,1.2444,0.0000,0.0000,0.0000,-0.7059,0.7084,
4.7556,1.2377,0.0000,0.0000,0.0000,-0.7059,0.7084,
4.7556,1.2310,0.0000,0.0000,0.0000,-0.7059,0.7084,
4.7556,1.2243,0.0000,0.0000,0.0000,-0.7059,0.7084,
4.7557,1.2176,0.0000,0.0000,0.0000,-0.7059,0.7084,
4.7557,1.2109,0.0000,0.0000,0.0000,-0.7059,0.7084,
4.7557,1.2042,0.0000,0.0000,0.0000,-0.7059,0.7084,
4.7557,1.1975,0.0000,0.0000,0.0000,-0.7059,0.7084,
4.7558,1.1909,0.0000,0.0000,0.0000,-0.7059,0.7084,
4.7558,1.1842,0.0000,0.0000,0.0000,-0.7059,0.7084,
4.7558,1.1775,0.0000,0.0000,0.0000,-0.7059,0.7084,
4.7558,1.1708,0.0000,0.0000,0.0000,-0.7059,0.7084,
4.7558,1.1641,0.0000,0.0000,0.0000,-0.7059,0.7084,
4.7559,1.1574,0.0000,0.0000,0.0000,-0.7059,0.7084,
4.7559,1.1507,0.0000,0.0000,0.0000,-0.7059,0.7084,
4.7559,1.1440,0.0000,0.0000,0.0000,-0.7059,0.7084,
4.7559,1.1373,0.0000,0.0000,0.0000,-0.7059,0.7084,
4.7560,1.1306,0.0000,0.0000,0.0000,-0.7059,0.7084,
4.7560,1.1239,0.0000,0.0000,0.0000,-0.7059,0.7084,
4.7560,1.1172,0.0000,0.0000,0.0000,-0.7059,0.7084,
4.7560,1.1106,0.0000,0.0000,0.0000,-0.7059,0.7084,
4.7561,1.1039,0.0000,0.0000,0.0000,-0.7059,0.7084,
4.7561,1.0972,0.0000,0.0000,0.0000,-0.7059,0.7084,
4.7561,1.0905,0.0000,0.0000,0.0000,-0.7059,0.7084,
4.7561,1.0838,0.0000,0.0000,0.0000,-0.7059,0.7084,
4.7562,1.0771,0.0000,0.0000,0.0000,-0.7059,0.7084,
4.7562,1.0704,0.0000,0.0000,0.0000,-0.7059,0.7084,
4.7562,1.0637,0.0000,0.0000,0.0000,-0.7059,0.7084,
4.7562,1.0570,0.0000,0.0000,0.0000,-0.7059,0.7084,
4.7563,1.0503,0.0000,0.0000,0.0000,-0.7059,0.7084,
4.7563,1.0436,0.0000,0.0000,0.0000,-0.7059,0.7084,
4.7563,1.0369,0.0000,0.0000,0.0000,-0.7059,0.7084,
4.7563,1.0302,0.0000,0.0000,0.0000,-0.7059,0.7084,
4.7563,1.0236,0.0000,0.0000,0.0000,-0.7059,0.7084,
4.7564,1.0169,0.0000,0.0000,0.0000,-0.7059,0.7084,
4.7564,1.0102,0.0000,0.0000,0.0000,-0.7059,0.7084,
