4.7564,0.9968,0.0000,0.0000,0.0000,-0.7120,0.7022,
4.7563,0.9901,0.0000,0.0000,0.0000,-0.7120,0.7022,
4.7563,0.9834,0.0000,0.0000,0.0000,-0.7120,0.7022,
4.7562,0.9767,0.0000,0.0000,0.0000,-0.7120,0.7022,
4.7561,0.9700,0.0000,0.0000,0.0000,-0.7120,0.7022,
4.7560,0.9633,0.0000,0.0000,0.0000,-0.7120,0.7022,
4.7559,0.9566,0.0000,0.0000,0.0000,-0.7120,0.7022,
4.7558,0.9498,0.0000,0.0000,0.0000,-0.7120,0.7022,
4.7557,0.9431,0.0000,0.0000,0.0000,-0.7120,0.7022,
4.7556,0.9364,0.0000,0.0000,0.0000,-0.7120,0.7022,
4.7555,0.9297,0.0000,0.0000,0.0000,-0.7120,0.7022,
4.7554,0.9230,0.0000,0.0000,0.0000,-0.7120,0.7022,
4.7553,0.9163,0.0000,0.0000,0.0000,-0.7120,0.7022,
4.7552,0.9096,0.0000,0.0000,0.0000,-0.7120,0.7022,
4.7551,0.9029,0.0000,0.0000,0.0000,-0.7120,0.7022,
4.7551,0.8962,0.0000,0.0000,0.0000,-0.7120,0.7022,
4.7550,0.8895,0.0000,0.0000,0.0000,-0.7120,0.7022,
4.7549,0.8828,0.0000,0.0000,0.0000,-0.7120,0.7022,
4.7548,0.8761,0.0000,0.0000,0.0000,-0.7120,0.7022,
4.7547,0.8694,0.0000,0.0000,0.0000,-0.7120,0.7022,
4.7546,0.8627,0.0000,0.0000,0.0000,-0.7120,0.7022,
4.7545,0.8560,0.0000,0.0000,0.0000,-0.7120,0.7022,
4.7544,0.8492,0.0000,0.0000,0.0000,-0.7120,0.7022,
4.7543,0.8425,0.0000,0.0000,0.0000,-0.7120,0.7022,
4.7542,0.8358,0.0000,0.0000,0.0000,-0.7120,0.7022,
4.7541,0.8291,0.0000,0.0000,0.0000,-0.7120,0.7022,
4.7540,0.8224,0.0000,0.0000,0.0000,-0.7120,0.7022,
4.7539,0.8157,0.0000,0.0000,0.0000,-0.7120,0.7022,
4.7539,0.8090,0.0000,0.0000,0.0000,-0.7120,0.7022,
4.7538,0.8023,0.0000,0.0000,0.0000,-0.7120,0.7022,
4.7537,0.7956,0.0000,0.0000,0.0000,-0.7120,0.7022,
4.7536,0.7889,0.0000,0.0000,0.0000,-0.7120,0.7022,
4.7535,0.7822,0.0000,0.0000,0.0000,-0.7120,0.7022,
4.7534,0.7755,0.0000,0.0000,0.0000,-0.7120,0.7022,
4.7533,0.7688,0.0000,0.0000,0.0000,-0.7120,0.7022,
4.7532,0.7621,0.0000,0.0000,0.0000,-0.7120,0.7022,
4.7531,0.7554,0.0000,0.0000,0.0000,-0.7120,0.7022,
4.7530,0.7487,0.0000,0.0000,0.0000,-0.7120,0.7022,
4.7529,0.7419,0.0000,0.0000,0.0000,-0.7120,0.7022,
4.7528,0.7352,0.0000,0.0000,0.0000,-0.7120,0.7022,
4.7526,0.7218,0.0000,0.0000,0.0000,-0.7906,0.6123,
4.7509,0.7152,0.0000,0.0000,0.0000,-0.7906,0.6123,
4.7492,0.7085,0.0000,0.0000,0.0000,-0.7906,0.6123,
4.7475,0.7018,0.0000,0.0000,0.0000,-0.7906,0.6123,
4.7458,0.6952,0.0000,0.0000,0.0000,-0.7906,0.6123,
4.7440,0.6885,0.0000,0.0000,0.0000,-0.7906,0.6123,
4.7423,0.6818,0.0000,0.0000,0.0000,-0.7906,0.6123,
4.7406,0.6752,0.0000,0.0000,0.0000,-0.7906,0.6123,
4.7389,0.6685,0.0000,0.0000,0.0000,-0.7906,0.6123,
4.7371,0.6618,0.0000,0.0000,0.0000,-0.7906,0.6123,
4.7354,0.6552,0.0000,0.0000,0.0000,-0.7906,0.6123,
4.7337,0.6485,0.0000,0.0000,0.0000,-0.7906,0.6123,
4.7320,0.6418,0.0000,0.0000,0.0000,-0.7906,0.6123,
4.7285,0.6285,0.0000,0.0000,0.0000,-0.8775,0.4796,
4.7247,0.6225,0.0000,0.0000,0.0000,-0.8775,0.4796,
4.7208,0.6165,0.0000,0.0000,0.0000,-0.8775,0.4796,
4.7170,0.6105,0.0000,0.0000,0.0000,-0.8775,0.4796,
4.7131,0.6044,0.0000,0.0000,0.0000,-0.8775,0.4796,
4.7092,0.5984,0.0000,0.0000,0.0000,-0.8775,0.4796,
4.7054,0.5924,0.0000,0.0000,0.0000,-0.8775,0.4796,
4.7015,0.5864,0.0000,0.0000,0.0000,-0.8775,0.4796,
4.6977,0.5804,0.0000,0.0000,0.0000,-0.8775,0.4796,
4.6938,0.5744,0.0000,0.0000,0.0000,-0.8775,0.4796,
4.6900,0.5684,0.0000,0.0000,0.0000,-0.8775,0.4796,
4.6822,0.5563,0.0000,0.0000,0.0000,-0.9484,0.3171,
4.6766,0.5521,0.0000,0.0000,0.0000,-0.9484,0.3171,
4.6710,0.5479,0.0000,0.0000,0.0000,-0.9484,0.3171,
4.6654,0.5436,0.0000,0.0000,0.0000,-0.9484,0.3171,
4.6597,0.5394,0.0000,0.0000,0.0000,-0.9484,0.3171,
4.6541,0.5351,0.0000,0.0000,0.0000,-0.9484,0.3171,
4.6485,0.5309,0.0000,0.0000,0.0000,-0.9484,0.3171,
4.6428,0.5267,0.0000,0.0000,0.0000,-0.9484,0.3171,
4.6372,0.5224,0.0000,0.0000,0.0000,-0.9484,0.3171,
4.6316,0.5182,0.0000,0.0000,0.0000,-0.9484,0.3171,
4.6260,0.5140,0.0000,0.0000,0.0000,-0.9484,0.3171,
4.6203,0.5097,0.0000,0.0000,0.0000,-0.9484,0.3171,
4.6147,0.5055,0.0000,0.0000,0.0000,-0.9484,0.3171,
4.6091,0.5013,0.0000,0.0000,0.0000,-0.9484,0.3171,
4.6035,0.4970,0.0000,0.0000,0.0000,-0.9484,0.3171,
4.5922,0.4886,0.0000,0.0000,0.0000,-0.9742,0.2258,
4.5860,0.4855,0.0000,0.0000,0.0000,-0.9742,0.2258,
4.5798,0.4825,0.0000,0.0000,0.0000,-0.9742,0.2258,
4.5737,0.4795,0.0000,0.0000,0.0000,-0.9742,0.2258,
4.5675,0.4764,0.0000,0.0000,0.0000,-0.9742,0.2258,
4.5613,0.4734,0.0000,0.0000,0.0000,-0.9742,0.2258,
4.5551,0.4704,0.0000,0.0000,0.0000,-0.9742,0.2258,
4.5489,0.4674,0.0000,0.0000,0.0000,-0.9742,0.2258,
4.5428,0.4643,0.0000,0.0000,0.0000,-0.9742,0.2258,
4.5366,0.4613,0.0000,0.0000,0.0000,-0.9742,0.2258,
4.5304,0.4583,0.0000,0.0000,0.0000,-0.9742,0.2258,
4.5242,0.4552,0.0000,0.0000,0.0000,-0.9742,0.2258,
4.5180,0.4522,0.0000,0.0000,0.0000,-0.9742,0.2258,
4.5119,0.4492,0.0000,0.0000,0.0000,-0.9742,0.2258,
4.5057,0.4462,0.0000,0.0000,0.0000,-0.9742,0.2258,
4.4995,0.4431,0.0000,0.0000,0.0000,-0.9742,0.2258,
4.4933,0.4401,0.0000,0.0000,0.0000,-0.9742,0.2258,
4.4871,0.4371,0.0000,0.0000,0.0000,-0.9742,0.2258,
4.4748,0.4310,0.0000,0.0000,0.0000,-0.9907,0.1363,
4.4682,0.4292,0.0000,0.0000,0.0000,-0.9907,0.1363,
4.4616,0.4273,0.0000,0.0000,0.0000,-0.9907,0.1363,
4.4550,0.4255,0.0000,0.0000,0.0000,-0.9907,0.1363,
4.4485,0.4236,0.0000,0.0000,0.0000,-0.9907,0.1363,
4.4419,0.4218,0.0000,0.0000,0.0000,-0.9907,0.1363,
4.4353,0.4199,0.0000,0.0000,0.0000,-0.9907,0.1363,
4.4287,0.4181,0.0000,0.0000,0.0000,-0.9907,0.1363,
4.4222,0.4163,0.0000,0.0000,0.0000,-0.9907,0.1363,
4.4156,0.4144,0.0000,0.0000,0.0000,-0.9907,0.1363,
4.4090,0.4126,0.0000,0.0000,0.0000,-0.9907,0.1363,
4.4024,0.4107,0.0000,0.0000,0.0000,-0.9907,0.1363,
4.3959,0.4089,0.0000,0.0000,0.0000,-0.9907,0.1363,
4.3893,0.4070,0.0000,0.0000,0.0000,-0.9907,0.1363,
4.3827,0.4052,0.0000,0.0000,0.0000,-0.9907,0.1363,
4.3761,0.4033,0.0000,0.0000,0.0000,-0.9907,0.1363,
4.3695,0.4015,0.0000,0.0000,0.0000,-0.9907,0.1363,
4.3630,0.3997,0.0000,0.0000,0.0000,-0.9907,0.1363,
4.3498,0.3960,0.0000,0.0000,0.0000,1.0000,0.0044,
4.3431,0.3960,0.0000,0.0000,0.0000,1.0000,0.0044,
4.3364,0.3961,0.0000,0.0000,0.0000,1.0000,0.0044,
4.3297,0.3961,0.0000,0.0000,0.0000,1.0000,0.0044,
4.3230,0.3962,0.0000,0.0000,0.0000,1.0000,0.0044,
4.3163,0.3963,0.0000,0.0000,0.0000,1.0000,0.0044,
4.3096,0.3963,0.0000,0.0000,0.0000,1.0000,0.0044,
4.3029,0.3964,0.0000,0.0000,0.0000,1.0000,0.0044,
4.2962,0.3964,0.0000,0.0000,0.0000,1.0000,0.0044,
4.2895,0.3965,0.0000,0.0000,0.0000,1.0000,0.0044,
4.2828,0.3965,0.0000,0.0000,0.0000,1.0000,0.0044,
4.2761,0.3966,0.0000,0.0000,0.0000,1.0000,0.0044,
4.2694,0.3967,0.0000,0.0000,0.0000,1.0000,0.0044,
4.2626,0.3967,0.0000,0.0000,0.0000,1.0000,0.0044,
4.2559,0.3968,0.0000,0.0000,0.0000,1.0000,0.0044,
4.2492,0.3968,0.0000,0.0000,0.0000,1.0000,0.0044,
4.2425,0.3969,0.0000,0.0000,0.0000,1.0000,0.0044,
4.2358,0.3970,0.0000,0.0000,0.0000,1.0000,0.0044,
4.2291,0.3970,0.0000,0.0000,0.0000,1.0000,0.0044,
4.2224,0.3971,0.0000,0.0000,0.0000,1.0000,0.0044,
4.2157,0.3971,0.0000,0.0000,0.0000,1.0000,0.0044,
4.2090,0.3972,0.0000,0.0000,0.0000,1.0000,0.0044,
4.2023,0.3973,0.0000,0.0000,0.0000,1.0000,0.0044,
4.1956,0.3973,0.0000,0.0000,0.0000,1.0000,0.0044,
4.1889,0.3974,0.0000,0.0000,0.0000,1.0000,0.0044,
4.1822,0.3974,0.0000,0.0000,0.0000,1.0000,0.0044,
4.1755,0.3975,0.0000,0.0000,0.0000,1.0000,0.0044,
4.1688,0.3975,0.0000,0.0000,0.0000,1.0000,0.0044,
4.1621,0.3976,0.0000,0.0000,0.0000,1.0000,0.0044,
4.1554,0.3977,0.0000,0.0000,0.0000,1.0000,0.0044,
4.1487,0.3977,0.0000,0.0000,0.0000,1.0000,0.0044,
4.1420,0.3978,0.0000,0.0000,0.0000,1.0000,0.0044,
4.1353,0.3978,0.0000,0.0000,0.0000,1.0000,0.0044,
4.1286,0.3979,0.0000,0.0000,0.0000,1.0000,0.0044,
4.1218,0.3980,0.0000,0.0000,0.0000,1.0000,0.0044,
4.1151,0.3980,0.0000,0.0000,0.0000,1.0000,0.0044,
4.1084,0.3981,0.0000,0.0000,0.0000,1.0000,0.0044,
4.1017,0.3981,0.0000,0.0000,0.0000,1.0000,0.0044,
4.0950,0.3982,0.0000,0.0000,0.0000,1.0000,0.0044,
4.0883,0.3982,0.0000,0.0000,0.0000,1.0000,0.0044,
4.0816,0.3983,0.0000,0.0000,0.0000,1.0000,0.0044,
4.0749,0.3984,0.0000,0.0000,0.0000,1.0000,0.0044,
4.0682,0.3984,0.0000,0.0000,0.0000,1.0000,0.0044,
4.0615,0.3985,0.0000,0.0000,0.0000,1.0000,0.0044,
4.0548,0.3985,0.0000,0.0000,0.0000,1.0000,0.0044,
4.0481,0.3986,0.0000,0.0000,0.0000,1.0000,0.0044,
4.0414,0.3987,0.0000,0.0000,0.0000,1.0000,0.0044,
4.0347,0.3987,0.0000,0.0000,0.0000,1.0000,0.0044,
4.0280,0.3988,0.0000,0.0000,0.0000,1.0000,0.0044,
4.0213,0.3988,0.0000,0.0000,0.0000,1.0000,0.0044,
4.0146,0.3989,0.0000,0.0000,0.0000,1.0000,0.0044,
4.0079,0.3990,0.0000,0.0000,0.0000,1.0000,0.0044,
4.0012,0.3990,0.0000,0.0000,0.0000,1.0000,0.0044,
3.9945,0.3991,0.0000,0.0000,0.0000,1.0000,0.0044,
3.9878,0.3991,0.0000,0.0000,0.0000,1.0000,0.0044,
3.9810,0.3992,0.0000,0.0000,0.0000,1.0000,0.0044,
3.9743,0.3992,0.0000,0.0000,0.0000,1.0000,0.0044,
3.9676,0.3993,0.0000,0.0000,0.0000,1.0000,0.0044,
3.9609,0.3994,0.0000,0.0000,0.0000,1.0000,0.0044,
3.9542,0.3994,0.0000,0.0000,0.0000,1.0000,0.0044,
3.9475,0.3995,0.0000,0.0000,0.0000,1.0000,0.0044,
3.9408,0.3995,0.0000,0.0000,0.0000,1.0000,0.0044,
3.9341,0.3996,0.0000,0.0000,0.0000,1.0000,0.0044,
3.9274,0.3997,0.0000,0.0000,0.0000,1.0000,0.0044,
3.9207,0.3997,0.0000,0.0000,0.0000,1.0000,0.0044,
3.9140,0.3998,0.0000,0.0000,0.0000,1.0000,0.0044,
3.9073,0.3998,0.0000,0.0000,0.0000,1.0000,0.0044,
3.9006,0.3999,0.0000,0.0000,0.0000,1.0000,0.0044,
3.8939,0.3999,0.0000,0.0000,0.0000,1.0000,0.0044,
3.8872,0.4000,0.0000,0.0000,0.0000,1.0000,0.0044,
3.8805,0.4001,0.0000,0.0000,0.0000,1.0000,0.0044,
3.8738,0.4001,0.0000,0.0000,0.0000,1.0000,0.0044,
3.8671,0.4002,0.0000,0.0000,0.0000,1.0000,0.0044,
3.8604,0.4002,0.0000,0.0000,0.0000,1.0000,0.0044,
3.8537,0.4003,0.0000,0.0000,0.0000,1.0000,0.0044,
3.8469,0.4004,0.0000,0.0000,0.0000,1.0000,0.0044,
3.8402,0.4004,0.0000,0.0000,0.0000,1.0000,0.0044,
3.8335,0.4005,0.0000,0.0000,0.0000,1.0000,0.0044,
3.8268,0.4005,0.0000,0.0000,0.0000,1.0000,0.0044,
3.8201,0.4006,0.0000,0.0000,0.0000,1.0000,0.0044,
3.8134,0.4007,0.0000,0.0000,0.0000,1.0000,0.0044,
3.8067,0.4007,0.0000,0.0000,0.0000,1.0000,0.0044,
3.8000,0.4008,0.0000,0.0000,0.0000,1.0000,0.0044,
3.7933,0.4008,0.0000,0.0000,0.0000,1.0000,0.0044,
3.7866,0.4009,0.0000,0.0000,0.0000,1.0000,0.0044,
3.7799,0.4009,0.0000,0.0000,0.0000,1.0000,0.0044,
3.7732,0.4010,0.0000,0.0000,0.0000,1.0000,0.0044,
3.7665,0.4011,0.0000,0.0000,0.0000,1.0000,0.0044,
3.7598,0.4011,0.0000,0.0000,0.0000,1.0000,0.0044,
3.7531,0.4012,0.0000,0.0000,0.0000,1.0000,0.0044,
3.7464,0.4012,0.0000,0.0000,0.0000,1.0000,0.0044,
3.7397,0.4013,0.0000,0.0000,0.0000,1.0000,0.0044,
3.7330,0.4014,0.0000,0.0000,0.0000,1.0000,0.0044,
3.7263,0.4014,0.0000,0.0000,0.0000,1.0000,0.0044,
3.7196,0.4015,0.0000,0.0000,0.0000,1.0000,0.0044,
3.7129,0.4015,0.0000,0.0000,0.0000,1.0000,0.0044,
3.7061,0.4016,0.0000,0.0000,0.0000,1.0000,0.0044,
3.6994,0.4017,0.0000,0.0000,0.0000,1.0000,0.0044,
3.6927,0.4017,0.0000,0.0000,0.0000,1.0000,0.0044,
3.6860,0.4018,0.0000,0.0000,0.0000,1.0000,0.0044,
3.6793,0.4018,0.0000,0.0000,0.0000,1.0000,0.0044,
3.6726,0.4019,0.0000,0.0000,0.0000,1.0000,0.0044,
3.6659,0.4019,0.0000,0.0000,0.0000,1.0000,0.0044,
3.6592,0.4020,0.0000,0.0000,0.0000,1.0000,0.0044,
3.6525,0.4021,0.0000,0.0000,0.0000,1.0000,0.0044,
3.6458,0.4021,0.0000,0.0000,0.0000,1.0000,0.0044,
3.6391,0.4022,0.0000,0.0000,0.0000,1.0000,0.0044,
3.6324,0.4022,0.0000,0.0000,0.0000,1.0000,0.0044,
3.6257,0.4023,0.0000,0.0000,0.0000,1.0000,0.0044,
3.6190,0.4024,0.0000,0.0000,0.0000,1.0000,0.0044,
3.6123,0.4024,0.0000,0.0000,0.0000,1.0000,0.0044,
3.6056,0.4025,0.0000,0.0000,0.0000,1.0000,0.0044,
3.5989,0.4025,0.0000,0.0000,0.0000,1.0000,0.0044,
3.5922,0.4026,0.0000,0.0000,0.0000,1.0000,0.0044,
3.5855,0.4026,0.0000,0.0000,0.0000,1.0000,0.0044,
3.5788,0.4027,0.0000,0.0000,0.0000,1.0000,0.0044,
3.5721,0.4028,0.0000,0.0000,0.0000,1.0000,0.0044,
3.5653,0.4028,0.0000,0.0000,0.0000,1.0000,0.0044,
3.5586,0.4029,0.0000,0.0000,0.0000,1.0000,0.0044,
3.5519,0.4029,0.0000,0.0000,0.0000,1.0000,0.0044,
3.5452,0.4030,0.0000,0.0000,0.0000,1.0000,0.0044,
3.5385,0.4031,0.0000,0.0000,0.0000,1.0000,0.0044,
3.5318,0.4031,0.0000,0.0000,0.0000,1.0000,0.0044,
3.5251,0.4032,0.0000,0.0000,0.0000,1.0000,0.0044,
3.5184,0.4032,0.0000,0.0000,0.0000,1.0000,0.0044,
3.5117,0.4033,0.0000,0.0000,0.0000,1.0000,0.0044,
3.5050,0.4034,0.0000,0.0000,0.0000,1.0000,0.0044,
3.4983,0.4034,0.0000,0.0000,0.0000,1.0000,0.0044,
3.4916,0.4035,0.0000,0.0000,0.0000,1.0000,0.0044,
3.4849,0.4035,0.0000,0.0000,0.0000,1.0000,0.0044,
